1
1
1
1
1
0
0
0
1
0
1
0
1
0
0
0
1
1
0
0
1
1
0
1
0
0
0
1
1
0
0
1
0
0
1
1
1
1
1
1
1
0
0
0
0
0
1
0
0
1
0
0
1
1
1
0
0
0
0
1
1
0
1
0
1
1
1
1
1
1
0
0
0
0
1
1
1
1
0
0
0
1
0
0
1
0
1
0
0
0
0
0
1
0
0
1
0
1
1
0
1
1
1
1
0
1
1
1
1
1
1
0
1
0
0
1
1
0
0
0
1
0
0
1
1
0
1
0
0
1
0
0
0
0
1
1
0
1
1
1
0
1
0
0
1
0
1
1
0
0
1
0
0
1
1
0
1
1
0
1
1
0
0
0
1
1
0
1
1
0
1
1
1
1
1
1
0
1
1
1
0
0
1
1
0
1
1
1
1
1
1
1
0
0
1
1
1
1
1
1
1
0
1
1
0
1
0
0
1
0
1
0
1
0
0
0
0
1
0
0
0
1
1
1
0
0
0
0
0
0
1
1
0
1
0
0
1
0
0
1
1
0
1
1
0
0
1
0
1
1
1
0
1
0
0
0
2
1
0
0
1
0
0
0
0
0
0
0
0
0
0
0
0
0
0
0
0
0
0
0
0
0
0
0
0
0
0
0
0
0
0
0
0
0
0
0
0
0
0
0
0
0
0
0
0
0
0
0
0
0
0
0
0
0
0
0
0
0
0
0
0
0
0
1
0
0
0
0
0
0
0
0
0
0
0
0
0
0
0
0
0
0
0
0
0
0
0
0
0
0
0
0
0
0
0
0
0
0
0
0
0
0
0
0
0
0
0
0
0
0
0
0
0
0
0
0
0
0
0
0
0
0
0
0
0
0
0
1
0
1
1
1
1
0
0
1
1
0
1
0
1
1
0
0
0
0
0
1
0
1
1
0
0
0
1
1
1
1
0
0
0
1
1
1
0
1
0
1
1
1
1
0
1
0
0
1
0
1
0
1
0
0
1
0
0
0
1
1
1
0
1
0
1
0
1
1
1
0
1
0
1
0
1
0
0
1
0
1
0
0
0
0
0
1
1
0
1
0
0
0
0
1
0
0
0
0
1
1
0
0
0
1
1
1
0
1
0
0
0
1
0
0
1
1
1
0
1
0
1
1
1
1
1
1
1
1073741824
0
2147483648
0
3168144158
989112605
1565688642
417897855
2147483648
0
0
0
0
0
0
256
1073741824
295706624
2148542464
3156813100
3848442346
550620975
1387724714
1214446976
836038322
2708626818
2796310807
1253829098
3276954566
3700540058
2941151991
327029084
3818426238
2647640767
686471019
147258852
4174869144
1384519057
1951592454
1314875410
2077204711
1397967190
4221405361
340128430
3923133480
4160177870
645343775
2637996846
1163871428
3722014522
4270651492
2134377371
2170656583
956417311
38714482
2543361621
1476017742
3444495794
4124859514
602363176
453646386
713404964
1937743682
3047381568
0
0
0
0
0
0
0
0
0
0
0
0
0
0
0
0
0
0
0
0
0
0
0
0
0
0
0
0
0
0
0
0
0
0
0
0
0
0
0
0
0
0
0
0
0
0
0
0
0
0
0
0
0
0
0
0
0
0
0
0
0
0
0
0
0
0
0
0
0
0
0
0
0
0
0
0
0
0
0
0
0
0
0
0
0
0
0
0
0
0
0
0
0
0
0
0
0
0
0
0
0
0
0
0
0
0
0
0
0
0
0
0
0
0
0
0
0
1073741824
0
0
0
0
0
0
0
0
0
0
0
0
0
0
0
0
0
0
0
0
0
0
0
0
0
0
0
0
0
0
1
0
0
0
285220864
10485760
0
0
0
0
0
0
0
0
0
0
0
0
0
1
0
0
0
0
0
0
0
0
0
0
1
0
0
0
1
0
0
0
0
0
0
0
0
0
0
0
0
0
0
0
0
1
0
0
0
0
0
0
0
0
0
0
1
0
0
0
0
0
0
0
0
0
0
0
0
0
0
0
0
0
0
0
0
0
0
0
0
0
1
0
1
0
0
0
0
0
0
0
0
0
0
0
0
0
0
0
0
0
0
0
0
0
0
0
0
0
0
0
0
0
1
295706624
0
0
0
0
0
0
0
0
0
0
0
0
0
1
0
0
0
0
0
0
0
1
0
1
1
0
0
0
1
0
0
0
0
0
0
1058816
0
0
0
0
0
0
0
0
0
0
0
0
0
0
0
0
0
0
0
0
0
0
0
0
0
0
0
0
0
0
0
0
0
0
0
0
0
0
0
0
0
0
0
0
0
0
0
0
0
0
0
0
0
0
0
0
0
0
0
0
0
0
0
0
0
0
0
0
0
0
0
0
1
0
1
0
0
0
0
0
0
1
0
0
0
0
0
0
0
0
0
0
0
0
0
0
0
0
0
0
0
0
0
0
1
0
1
0
0
0
0
0
0
0
0
2148542464
0
0
0
0
0
0
0
0
0
0
0
1
0
1
0
0
0
0
0
0
1
0
0
0
0
0
0
0
0
0
0
1
0
0
2820981312
335831788
0
0
0
0
0
0
1
0
0
1
0
0
0
0
1
1
0
0
1
0
0
1
0
0
0
0
0
1
0
1
0
1
1
1
0
0
0
1
0
0
1
1
0
0
0
0
0
0
0
1
1
1
1
1
0
1
1
1
1
1
1
0
0
1
1
0
1
1
1
0
1
0
0
0
1
1
0
0
0
1
0
0
0
0
0
0
0
1
0
1
0
0
0
0
0
1
0
0
1
1
1
0
1
0
1
0
0
0
0
0
0
0
0
0
0
3156813100
0
0
1
1
0
1
0
0
1
0
1
0
0
1
0
0
1
0
0
1
0
1
0
0
0
0
1
1
1
1
0
1
0
0
392966860
287331328
0
0
1
1
0
0
1
1
0
1
0
0
1
1
0
0
0
0
1
1
0
1
1
0
1
1
1
0
1
0
0
0
1
1
1
1
0
1
1
1
1
1
1
0
0
1
0
1
0
1
0
0
1
1
0
0
0
0
0
0
1
0
0
0
0
0
0
0
0
0
0
1
0
1
0
1
0
0
0
0
0
0
1
0
0
1
0
0
0
1
0
0
0
0
1
0
1
0
0
0
0
0
0
0
0
1
0
1
0
0
0
0
0
0
0
3848442346
0
1
0
1
0
1
1
1
1
0
0
0
1
0
0
1
0
1
0
0
0
1
1
0
1
0
1
0
0
1
1
1
0
0
801137210
3055338456
0
1
0
1
1
1
0
0
0
1
0
0
0
1
1
0
0
0
0
0
0
0
1
1
1
1
1
1
0
1
0
0
0
1
0
0
1
0
1
0
0
1
0
0
1
1
0
0
0
1
0
1
0
1
1
0
0
0
1
0
0
0
0
0
1
1
0
1
1
1
1
0
0
0
0
1
1
0
0
1
1
1
0
0
0
0
1
1
0
1
1
0
1
1
0
0
0
1
0
0
1
1
0
0
1
0
0
1
1
1
1
0
0
1
1
4845588271
1
1
1
1
0
1
0
0
1
1
1
1
0
0
1
1
1
0
0
0
1
0
1
1
0
0
0
0
0
1
0
0
1
0
3664970927
452032185
1
1
1
1
0
1
0
1
0
0
1
0
0
0
0
0
1
1
0
0
1
1
1
0
0
1
0
1
1
0
1
1
0
0
0
0
0
0
0
0
1
1
1
0
1
0
0
0
0
1
1
1
0
1
1
0
1
0
0
1
1
1
0
0
1
1
1
0
1
0
1
1
0
1
1
1
0
1
0
0
0
1
1
1
1
0
1
0
1
1
0
0
0
1
0
1
1
1
0
0
0
0
1
1
1
0
1
0
0
0
0
0
1
0
0
5682692010
0
1
0
1
0
1
0
1
1
1
1
1
1
1
1
1
0
1
1
0
1
1
0
1
0
1
0
0
1
0
1
0
1
0
285220864
3732553729
0
0
0
0
0
0
0
0
0
0
0
0
0
1
0
0
0
0
0
0
0
0
0
0
1
0
0
0
1
0
0
0
0
0
0
0
0
0
0
0
0
0
0
0
0
1
0
0
0
0
0
0
0
0
0
0
1
0
0
0
0
1
0
0
0
0
0
0
0
0
0
0
0
0
0
1
0
0
1
0
1
1
1
1
0
0
1
1
1
1
0
1
1
0
1
0
0
1
1
1
0
0
0
1
0
1
1
1
0
0
1
0
0
1
1
5509414272
0
0
0
0
0
0
0
1
1
0
1
1
1
1
1
1
0
1
0
0
0
1
1
0
0
0
0
1
0
0
1
0
1
0
0
2687815346
0
0
0
0
0
0
0
0
0
0
0
0
0
0
0
0
0
0
0
0
0
0
0
0
0
0
0
0
0
0
0
0
0
0
0
0
0
0
0
0
0
0
0
0
0
0
0
0
0
0
0
0
0
0
0
0
0
0
0
0
0
0
1
0
0
1
1
0
1
0
1
1
1
0
0
1
1
0
0
1
0
1
1
0
0
0
0
0
0
0
1
0
1
1
0
1
1
0
0
0
0
1
1
0
0
0
1
1
0
0
0
0
0
0
1
5131005618
0
1
0
0
1
1
0
1
0
1
1
1
0
1
1
1
0
0
1
0
1
0
1
1
1
0
0
0
1
1
0
0
1
0
0
560084354
0
0
0
0
0
0
0
0
0
0
0
0
0
0
0
0
0
0
0
0
0
0
0
0
0
0
0
0
0
0
0
0
0
0
0
0
0
0
0
0
0
0
0
0
0
0
0
0
0
0
0
0
0
0
0
0
0
0
0
0
0
0
1
0
0
0
0
0
1
1
0
1
0
1
1
0
0
0
1
0
0
0
1
1
0
1
0
0
0
0
1
0
0
1
0
1
1
1
1
0
0
1
0
1
1
0
1
0
0
0
0
0
0
1
1
2708626818
0
1
0
0
0
0
0
1
1
0
1
1
1
0
1
0
0
1
0
0
1
1
1
0
1
0
0
0
0
1
0
1
0
0
0
3934465003
0
0
0
0
0
0
0
0
0
0
0
0
0
0
0
0
0
0
0
0
0
0
0
0
0
0
0
0
0
0
0
0
0
0
0
0
0
0
0
0
0
0
0
0
0
0
0
0
0
0
0
0
0
0
0
0
0
0
0
0
0
1
1
0
1
0
1
1
1
1
1
0
1
0
1
0
0
1
1
0
0
0
0
0
1
0
1
0
1
0
1
1
1
0
0
0
0
1
0
1
1
0
1
1
1
1
0
1
0
1
1
1
1
0
0
7091278103
1
1
1
0
1
0
0
0
1
0
0
0
1
0
1
0
0
0
1
1
0
1
0
1
0
1
1
0
0
1
0
1
1
0
0
1700354048
0
0
0
0
0
0
0
0
0
0
0
0
0
0
0
0
0
0
0
0
0
0
0
0
0
0
0
0
0
0
0
0
0
0
0
0
0
0
0
0
0
0
0
0
0
0
0
0
0
0
0
0
0
0
0
0
0
0
0
0
0
0
0
0
0
0
0
0
0
0
0
0
1
1
0
1
0
1
0
0
1
1
0
1
0
1
0
1
0
0
1
1
0
1
1
1
0
1
0
0
1
0
0
1
0
0
0
0
0
1
0
0
0
1
1
5548796394
0
1
0
1
0
1
1
1
1
0
0
1
0
1
1
1
1
1
0
1
1
1
0
1
0
1
0
1
0
0
1
0
1
0
0
2726333591
0
0
0
0
0
0
0
0
0
0
0
0
0
0
0
0
0
0
0
0
0
0
0
0
0
0
0
0
0
0
0
0
0
0
0
0
0
0
0
0
0
0
0
0
0
0
0
0
0
0
0
0
0
0
0
0
0
0
0
0
0
1
1
1
0
1
0
0
1
0
0
1
1
0
0
0
1
0
0
0
0
0
0
0
1
0
1
0
0
0
1
0
1
1
1
0
0
0
0
0
1
1
1
1
0
0
1
0
0
1
0
0
1
0
1
3276954566
0
1
1
0
0
0
1
1
1
1
0
1
1
0
1
0
0
1
0
0
1
0
1
0
1
1
0
0
0
0
1
1
0
0
0
2312815344
0
0
0
0
0
0
0
0
0
0
0
0
0
0
0
0
0
0
0
0
0
0
0
0
0
0
0
0
0
0
0
0
0
0
0
0
0
0
0
0
0
0
0
0
0
0
0
0
0
0
0
0
0
0
0
0
0
0
0
0
0
0
0
0
0
1
1
1
1
0
1
0
0
0
0
1
1
0
1
0
1
1
0
1
1
1
0
0
1
0
0
0
1
0
1
0
1
0
0
0
0
0
0
1
1
0
1
1
0
0
0
0
1
0
0
3700540058
0
1
0
1
1
0
0
1
0
1
0
0
0
0
1
1
1
0
0
0
1
0
0
1
0
0
1
1
1
0
1
1
0
0
4194338
1722510677
0
1
0
0
0
1
0
0
0
0
0
0
0
0
0
0
0
0
0
0
0
0
1
0
0
0
0
0
0
0
0
0
0
1
0
0
0
0
0
0
0
0
0
0
0
0
0
0
0
0
0
0
0
0
1
0
0
0
0
0
0
1
0
1
0
1
0
1
0
1
0
1
1
0
1
1
0
1
1
0
1
0
1
0
1
0
1
1
0
0
1
1
0
1
1
0
0
0
0
1
1
1
0
0
1
1
1
0
1
1
1
0
1
1
0
2941151991
1
1
1
0
1
1
1
1
0
1
0
1
0
1
1
0
0
1
1
1
0
0
1
0
1
1
1
1
0
1
0
1
0
0
142610432
3643347370
0
0
0
0
0
0
0
0
0
0
0
0
1
0
0
0
0
0
0
0
0
0
0
1
0
0
0
1
0
0
0
0
0
0
0
0
0
0
0
0
0
0
0
0
1
0
0
0
0
0
0
0
0
0
0
1
0
0
0
0
0
0
1
0
1
0
1
0
1
1
0
0
0
1
0
0
0
1
0
0
1
0
1
0
0
1
0
0
1
1
0
1
1
0
1
0
1
1
0
1
1
1
0
1
0
1
1
0
0
0
1
1
1
1
0
4621996380
0
0
1
1
1
0
1
0
1
0
0
0
1
0
0
0
0
1
1
1
1
1
1
0
1
1
0
0
1
0
0
0
1
0
169295912
4161728980
0
0
0
1
0
1
0
0
0
0
0
0
0
0
1
0
1
1
1
0
1
0
0
0
0
1
0
1
0
0
0
0
0
0
0
1
0
1
0
0
0
0
1
0
0
0
1
0
1
1
0
0
0
1
0
0
0
0
0
1
0
0
0
1
0
1
0
1
1
1
0
0
0
1
1
1
1
0
1
1
1
0
0
0
0
0
0
0
1
1
1
1
1
0
1
1
1
0
0
1
0
0
1
0
0
0
1
0
0
1
0
1
0
0
1
8113393534
0
1
1
1
1
1
1
0
1
1
1
1
0
0
0
1
0
0
0
1
1
0
0
1
1
1
0
0
0
1
1
1
1
0
453117268
3397473364
0
0
1
0
1
0
1
0
1
0
1
0
0
0
0
0
0
1
0
0
0
0
0
0
1
1
0
1
1
0
0
0
0
0
1
0
1
0
1
0
0
0
0
0
0
0
0
0
0
0
0
0
0
0
0
0
1
1
0
1
0
0
0
1
0
1
0
1
0
0
0
1
0
1
0
1
0
1
0
0
0
0
0
0
1
0
1
0
1
0
0
1
1
0
0
0
0
1
0
1
1
1
1
0
1
0
0
0
1
1
0
1
0
0
0
6942608063
1
1
1
1
1
1
0
1
0
1
0
1
0
0
1
1
1
1
1
1
0
0
1
1
1
0
1
1
1
0
0
1
1
0
129391077
1449675676
1
0
1
0
0
1
1
1
1
0
0
1
1
0
1
0
0
1
1
0
1
1
0
1
1
1
1
0
0
0
0
0
0
0
0
0
0
0
1
0
1
0
1
1
1
1
1
0
1
1
0
0
1
1
0
0
0
0
0
0
1
0
0
1
1
1
0
0
1
1
1
0
1
0
0
1
0
0
0
0
1
0
1
1
0
0
1
1
0
1
0
1
0
1
1
1
1
1
1
0
1
1
0
1
1
0
1
0
1
0
0
0
0
1
0
4981438315
1
1
0
1
0
1
1
0
1
1
1
0
1
1
0
1
0
1
0
1
0
1
1
1
0
0
0
1
0
1
0
0
1
0
1830563398
472862380
0
1
1
0
0
0
1
0
0
1
1
1
0
1
0
0
0
0
1
1
1
0
0
0
1
0
1
1
0
1
1
0
1
1
0
1
1
1
1
0
0
0
1
1
1
1
1
0
0
0
0
0
1
1
0
1
1
0
0
0
1
0
0
1
1
0
1
0
1
0
1
1
1
0
0
1
0
1
1
1
1
0
1
0
0
0
0
1
1
1
0
0
0
0
1
1
1
1
0
1
0
1
0
1
1
1
1
0
0
0
0
0
1
0
0
8737193444
0
0
1
0
0
1
1
1
1
0
1
1
1
1
1
1
0
1
1
0
0
0
1
1
0
0
0
1
0
0
0
0
0
1
697324111
223529925
1
1
1
1
0
0
1
0
0
1
0
0
1
0
1
0
0
0
0
0
1
0
0
1
1
0
0
1
0
1
0
0
0
1
0
1
0
1
0
1
1
1
0
1
0
1
1
0
0
1
0
1
0
0
0
1
1
0
1
1
0
1
0
1
0
0
0
1
1
1
1
0
1
0
0
1
1
0
1
0
0
1
0
1
0
1
0
1
1
0
0
0
0
0
0
0
1
0
1
1
0
1
0
0
0
1
1
1
1
0
0
0
1
1
0
8469836440
0
0
0
1
1
0
0
1
0
1
0
0
1
1
1
0
1
1
1
0
1
0
1
1
0
0
0
1
1
1
1
1
1
0
3776521895
2706158788
1
1
1
0
0
1
0
1
0
1
1
0
0
1
0
0
1
0
0
1
1
0
0
0
1
0
0
0
0
1
1
1
0
1
0
0
1
0
1
0
1
0
0
1
1
1
1
1
1
1
1
1
0
0
1
0
1
1
0
1
0
0
0
1
0
0
0
1
1
0
0
1
0
1
1
0
1
0
0
1
1
0
0
1
0
1
0
0
0
0
1
0
1
1
1
0
1
1
1
1
0
1
0
1
0
0
0
0
1
0
1
1
1
0
0
9974453649
1
0
0
0
1
0
0
1
1
0
1
0
1
0
0
0
0
1
1
0
0
0
0
1
0
1
0
0
1
0
1
0
0
1
3070003283
1461802669
1
1
0
0
1
0
1
0
0
0
0
1
0
0
0
1
0
0
1
1
1
1
1
1
0
1
1
0
1
1
0
1
1
1
0
0
0
1
1
1
1
1
1
0
1
0
1
1
0
0
0
0
1
1
1
1
1
1
1
1
1
1
0
1
1
0
1
0
1
0
1
1
0
1
0
1
0
1
0
0
0
0
1
0
0
1
1
1
0
1
0
1
0
1
0
0
0
1
1
1
0
1
1
0
0
0
1
1
0
1
1
1
1
1
0
6246559750
0
1
1
0
0
0
0
0
0
0
0
0
1
1
1
1
0
1
0
0
1
0
1
0
0
0
1
0
1
1
1
0
1
0
1509275774
3362661014
0
1
1
1
1
1
1
0
0
0
0
1
1
1
0
1
1
0
1
0
1
1
1
1
1
0
0
1
1
0
1
0
0
0
0
1
0
1
0
1
1
0
1
0
0
1
0
0
1
1
1
1
0
0
1
1
1
1
1
1
1
0
1
1
0
1
0
0
1
0
1
0
0
0
1
0
0
0
1
1
1
0
1
1
0
0
0
0
1
0
0
1
1
1
1
0
0
1
0
0
0
1
1
0
0
0
0
0
1
0
1
0
1
1
1
9904810002
0
1
0
0
1
0
0
0
0
0
0
1
0
1
1
0
1
1
1
1
1
0
1
0
0
1
1
1
0
0
1
0
0
1
2248935255
639557663
1
1
1
0
1
0
1
0
1
1
1
0
0
0
0
0
0
0
1
1
0
0
0
0
0
1
1
0
0
0
0
1
1
1
1
0
0
1
1
1
0
0
1
1
0
0
1
0
0
1
0
0
0
1
0
0
0
1
0
0
1
1
1
1
1
1
0
0
0
0
0
0
0
0
1
1
1
0
1
1
1
1
0
0
0
0
1
1
0
0
1
0
0
1
1
0
0
0
1
0
1
0
0
1
0
1
1
1
1
1
1
0
0
0
0
6372172007
1
1
1
0
0
1
1
1
0
0
0
0
0
1
0
1
1
1
1
1
0
0
1
1
1
1
0
1
1
1
1
0
1
0
803027755
1494808894
1
1
0
1
0
1
0
0
1
1
0
1
1
1
0
0
1
0
1
1
1
0
1
1
1
1
1
1
0
1
0
0
1
0
0
1
0
0
0
0
1
0
0
0
1
1
0
1
0
0
0
1
0
0
0
0
1
1
0
1
1
0
1
1
1
1
1
0
0
1
0
0
1
1
1
1
1
0
0
0
1
1
0
0
0
1
0
0
1
1
0
1
0
0
0
1
0
0
1
1
1
0
1
1
1
0
1
1
0
1
1
0
1
0
0
5692934486
0
1
1
0
1
0
1
0
1
0
0
1
0
0
1
0
1
1
0
0
1
0
1
0
1
1
0
0
1
0
1
0
1
0
666409024
611426678
0
0
0
0
0
0
1
0
0
0
0
1
1
0
0
1
0
0
0
1
1
1
0
1
1
1
1
0
0
1
0
0
1
0
1
1
1
1
1
0
1
0
1
0
0
1
1
1
1
1
1
1
0
1
1
1
0
1
1
1
0
0
1
1
0
1
1
1
0
1
0
0
0
0
1
0
1
1
0
0
0
1
1
1
0
0
0
1
0
0
1
0
0
0
1
1
1
1
0
0
1
0
1
0
0
1
0
1
0
1
1
1
1
0
1
4221405361
1
0
0
0
1
1
0
1
0
0
0
1
0
0
0
1
1
0
1
1
1
0
0
1
1
1
0
1
1
1
1
1
0
0
52256539
3449108241
1
1
0
1
1
0
0
0
1
1
1
1
1
0
1
0
1
0
1
1
1
0
0
0
1
1
0
0
0
0
0
0
1
1
0
0
0
1
1
0
0
0
1
0
1
0
0
0
1
1
1
0
1
1
1
0
1
1
0
1
1
1
0
0
0
1
0
0
0
1
1
1
0
1
1
0
0
1
0
1
0
1
0
0
1
1
0
1
1
0
0
1
1
1
1
0
0
0
0
1
1
1
1
0
0
0
1
1
1
1
0
0
0
0
0
8930063022
0
1
1
1
0
1
0
1
0
1
0
0
1
1
1
1
1
0
1
0
0
0
1
0
0
0
1
0
1
0
0
0
0
1
1586343154
1970283999
0
1
0
0
1
1
1
1
0
0
1
1
0
1
0
1
1
0
1
1
0
0
0
1
0
1
1
1
1
0
1
0
1
0
0
0
0
1
0
1
0
0
1
0
1
0
0
1
1
1
1
1
1
0
0
0
1
0
1
0
0
1
1
1
1
1
0
1
1
1
0
1
0
0
1
0
0
0
0
0
0
1
1
1
0
1
0
1
0
1
1
1
0
1
0
1
1
1
1
0
1
0
1
0
0
0
0
1
1
0
1
1
1
0
0
8218100776
0
0
0
1
0
1
0
0
0
0
1
0
0
0
1
0
0
1
1
0
1
0
1
1
1
0
0
1
0
1
1
1
1
0
1611315800
1191696854
0
0
0
1
1
0
1
0
0
1
0
1
1
1
0
1
0
1
0
1
0
0
0
0
0
0
0
0
0
1
1
0
0
1
1
0
0
0
0
0
1
1
1
0
1
1
1
0
1
1
0
0
0
1
1
1
1
0
1
0
1
0
1
1
0
1
0
1
1
1
0
0
1
1
0
1
1
1
1
1
0
0
0
0
0
1
1
1
0
0
0
1
0
0
1
0
1
0
1
0
1
0
0
0
1
0
0
1
1
0
1
0
0
0
0
8455145166
0
1
1
1
0
0
1
1
0
1
1
0
0
0
1
0
1
1
1
0
1
1
1
1
1
1
1
0
1
1
1
1
1
0
1042168534
3937082432
0
1
1
0
1
0
1
1
0
1
0
1
1
1
0
0
0
1
1
1
1
0
0
0
0
1
1
1
1
1
0
0
1
0
1
1
1
1
1
1
0
0
0
1
1
1
1
1
1
0
0
0
1
1
1
0
0
0
1
1
1
0
0
0
0
0
0
1
0
0
0
1
1
1
0
0
0
1
1
0
1
0
1
0
1
0
1
0
1
0
1
1
1
1
0
0
0
1
0
1
1
1
0
0
1
0
1
1
0
1
0
0
0
1
0
9235278367
1
1
1
1
1
0
0
0
0
1
0
1
0
1
0
0
1
1
1
0
1
1
1
0
0
1
1
0
0
1
0
0
0
1
3261831191
1266899156
1
1
1
0
1
0
0
0
0
0
0
1
1
0
0
1
1
1
0
1
0
1
1
0
0
1
0
0
0
0
1
1
0
0
0
1
1
1
1
1
1
0
0
1
0
0
0
1
0
0
0
1
1
0
0
0
0
1
1
1
1
0
0
1
0
1
0
1
1
0
0
0
1
1
0
1
0
1
1
0
0
0
0
0
1
1
1
0
1
0
0
1
0
1
0
1
0
0
0
0
0
1
0
1
0
0
1
0
1
0
1
1
1
1
1
6932964142
0
1
1
1
0
1
0
0
1
1
0
0
0
1
0
1
0
0
1
1
1
1
0
0
1
0
1
1
1
0
0
1
1
0
2653782449
1883630143
1
0
0
0
1
1
0
1
1
0
0
0
0
0
0
1
1
0
1
1
0
1
0
0
0
1
1
1
1
0
0
1
0
1
1
0
0
1
1
1
0
0
0
1
1
1
1
0
0
0
1
0
1
0
0
1
1
0
1
1
0
1
1
1
1
1
1
0
0
0
1
0
1
0
1
1
1
1
0
1
0
0
0
1
0
0
0
0
0
1
1
1
0
1
0
1
0
1
1
1
1
1
1
1
0
1
1
1
0
0
0
1
1
0
0
9753806020
0
0
1
0
0
0
1
1
0
0
1
0
0
0
1
0
1
1
1
1
1
0
1
0
1
0
1
0
0
0
1
0
0
1
2123778489
3319124497
1
0
0
1
1
1
0
1
1
0
0
1
0
0
1
0
0
1
1
0
1
0
0
1
0
1
1
1
1
1
1
0
0
0
1
0
1
0
1
0
1
1
1
1
1
0
0
0
1
1
0
1
0
0
0
1
1
1
0
1
1
1
0
0
0
1
0
0
0
0
1
0
0
1
0
1
1
1
0
1
0
1
0
1
1
1
0
1
0
0
0
1
1
1
0
0
1
1
1
0
0
1
0
1
1
1
0
0
1
0
1
0
0
1
1
12311949114
0
1
0
1
1
1
0
0
1
1
1
1
0
1
1
0
1
0
0
1
1
0
1
1
1
0
1
1
1
0
1
1
0
1
1987072118
1256979925
0
1
1
0
1
1
1
0
0
0
0
0
1
0
1
0
0
0
0
0
1
1
1
0
0
1
1
0
1
1
1
0
0
1
0
1
0
0
1
1
1
1
1
1
0
0
0
1
0
0
0
1
0
1
1
0
1
1
1
0
1
1
0
1
0
1
0
1
1
1
0
1
1
1
1
1
1
1
1
0
1
0
1
1
1
0
1
0
1
0
0
1
0
0
0
1
0
0
0
0
0
0
1
0
1
0
1
0
1
0
1
0
1
1
1
4270651492
0
0
1
0
0
1
1
0
0
0
0
1
1
1
1
1
0
0
1
1
0
0
0
1
0
1
1
1
1
1
1
1
0
0
4065164931
2588754700
1
1
0
0
0
0
0
1
0
1
1
1
1
1
1
0
1
0
1
1
0
0
1
0
0
1
0
0
1
1
1
1
0
0
0
0
1
0
1
1
0
0
0
0
1
0
0
1
1
1
1
0
1
0
1
0
1
0
1
1
0
0
0
1
1
0
0
0
0
1
1
0
0
0
0
1
0
1
0
1
1
0
0
1
0
0
1
0
1
1
0
0
1
1
1
1
0
1
0
1
0
1
0
1
0
1
1
0
0
0
1
0
1
1
1
10724311963
1
1
0
1
1
0
0
1
1
1
0
0
0
0
0
0
0
0
0
1
1
1
0
0
1
1
1
1
1
1
1
0
0
1
2912000568
3808510889
0
0
0
1
1
1
0
0
0
1
0
1
1
0
0
1
1
0
0
0
1
0
0
1
1
0
1
1
0
1
0
1
0
1
0
1
0
0
0
1
0
0
0
1
1
0
1
0
1
0
0
0
0
0
1
1
1
1
1
0
0
1
0
0
1
0
1
0
1
1
1
0
0
0
0
1
0
1
0
0
0
0
0
0
0
1
1
0
0
0
1
1
1
1
1
1
0
1
0
0
1
0
0
0
0
0
1
1
1
0
1
1
1
1
1
15055558471
1
1
1
0
0
0
1
0
1
1
1
0
1
0
0
1
1
0
0
0
0
1
1
0
1
0
0
0
0
0
0
1
1
1
3194185460
27336315
0
0
1
0
1
1
1
1
0
1
1
0
0
1
1
0
1
1
0
0
0
1
1
0
0
1
1
1
1
1
0
1
0
0
1
0
1
1
1
1
0
0
0
1
1
1
0
0
1
0
0
1
0
1
1
1
0
0
0
0
1
1
1
0
1
1
1
1
0
0
1
1
1
1
0
0
0
1
0
0
0
0
1
0
1
1
0
0
0
0
0
0
0
1
1
0
1
1
1
1
0
0
0
0
0
1
0
1
1
0
1
1
1
1
1
5251384607
1
1
1
1
1
0
0
0
1
0
1
0
0
0
1
1
1
0
0
0
0
0
0
0
1
0
0
1
1
1
0
0
1
0
4149461061
4184566009
1
0
1
0
0
0
1
0
0
0
0
0
0
0
1
1
1
1
0
0
1
0
1
0
1
1
1
0
1
1
1
1
1
1
1
0
0
0
1
0
1
0
1
1
0
1
0
0
0
0
0
1
1
0
0
1
0
1
1
1
1
1
0
0
1
1
1
1
1
0
0
0
1
0
1
1
0
1
1
0
1
0
1
1
0
1
0
0
1
1
1
1
1
0
0
1
1
1
0
0
1
0
0
0
0
1
1
0
0
1
1
0
1
0
0
12923616370
0
1
0
0
1
1
1
0
0
0
1
1
1
1
0
1
0
1
1
1
0
0
1
0
0
1
0
0
0
0
0
0
1
1
699905454
3659676625
0
1
1
1
0
1
0
1
1
0
1
0
1
1
0
1
1
1
1
0
1
1
0
1
1
0
0
1
0
1
0
0
0
1
0
0
1
1
0
1
1
0
0
0
0
0
1
0
0
1
1
1
0
0
1
1
0
1
1
0
0
1
0
0
0
1
0
1
1
1
1
0
1
1
1
0
0
0
1
0
0
0
1
0
0
0
1
0
1
1
0
1
1
0
0
0
0
0
1
0
1
1
1
0
1
1
1
1
0
0
0
1
1
0
1
6838328917
1
0
1
0
1
0
1
0
0
1
1
1
1
0
0
1
0
0
0
1
1
0
0
1
1
1
1
0
1
0
0
1
1
0
1956207468
2310525633
0
0
1
1
0
1
1
0
1
1
0
1
1
0
1
0
1
0
0
1
1
0
0
1
0
0
1
0
1
1
1
0
0
1
1
0
0
0
1
0
0
1
0
0
1
1
0
0
1
1
0
0
1
1
1
1
0
1
1
1
1
1
0
0
0
0
0
1
1
0
1
0
0
1
0
1
1
1
1
1
0
1
1
0
1
1
0
0
1
0
0
0
1
0
1
1
1
0
1
1
0
1
0
0
0
0
0
1
0
1
1
1
0
1
1
10065952334
0
1
1
1
0
0
1
0
0
1
1
1
1
1
0
0
0
1
0
1
1
1
1
1
1
1
1
0
1
0
1
0
0
1
514389216
1556455192
0
0
0
0
0
1
1
1
0
0
1
0
1
1
1
1
0
0
0
1
0
1
0
1
0
1
1
1
1
0
0
0
0
1
1
0
1
1
1
1
1
0
1
0
0
0
1
0
1
1
0
1
1
0
1
1
1
0
0
0
0
0
0
0
1
1
0
0
0
1
1
1
1
1
0
0
1
1
0
1
0
0
0
1
1
0
0
1
1
1
0
1
0
1
1
1
1
1
1
0
0
1
0
0
1
1
1
1
0
0
0
0
0
0
1
7739463090
0
1
0
0
1
1
0
1
1
0
1
0
1
0
1
1
0
1
1
1
0
0
1
0
1
0
1
1
0
0
1
1
1
0
571191457
1492852621
1
0
0
0
0
1
0
1
0
0
0
0
1
1
0
1
1
1
0
1
0
0
0
0
0
1
0
0
0
1
0
0
0
0
1
0
1
1
1
1
0
1
1
1
0
0
0
0
1
1
0
0
0
0
0
1
0
0
0
0
0
1
0
1
1
0
0
0
1
1
1
1
1
1
0
0
0
1
1
0
1
1
1
1
1
0
0
0
1
1
0
1
0
0
1
0
0
0
0
0
0
1
0
0
0
0
1
1
1
0
1
1
1
0
1
8419826810
0
1
0
1
1
1
1
0
0
0
1
1
1
0
1
0
0
0
1
1
1
0
1
1
1
0
1
0
1
1
1
1
1
0
3722665592
2958847163
0
0
0
1
1
1
1
0
0
1
1
1
1
0
1
0
1
1
0
0
0
1
1
1
1
0
1
1
1
0
1
1
1
0
1
1
1
1
1
1
0
1
1
0
1
0
0
1
1
0
0
1
1
0
1
1
0
0
0
0
0
1
1
0
1
1
1
0
1
0
0
1
1
0
1
1
0
0
0
1
1
1
0
1
0
0
0
0
0
1
1
0
1
0
1
1
1
0
0
0
0
1
1
1
1
1
1
0
0
1
1
1
1
0
1
9192297768
0
0
0
1
0
1
0
0
1
0
1
0
1
0
1
0
1
1
1
0
0
1
1
1
1
1
0
0
0
1
0
0
0
1
1386396585
2777633602
1
0
0
1
0
1
0
1
1
1
0
1
1
1
0
1
0
1
0
0
0
1
0
1
0
1
0
0
1
0
1
0
0
0
0
0
1
1
1
0
1
1
0
0
1
0
1
0
0
0
1
1
1
0
1
0
0
0
1
1
0
0
1
0
0
0
0
1
0
1
1
0
0
1
0
1
0
1
1
1
1
0
0
0
1
1
0
1
0
0
1
0
1
1
0
1
0
1
0
1
0
0
0
1
0
0
1
0
0
0
1
0
0
1
1
9043580978
0
1
0
0
1
1
0
0
0
0
0
1
1
0
0
0
0
1
0
1
0
0
0
0
1
1
0
1
1
0
0
0
0
1
4026909322
1077537882
0
1
0
1
0
0
0
1
0
1
0
0
0
0
1
1
1
0
1
0
0
0
0
0
0
0
0
0
1
1
1
1
1
0
0
1
0
0
1
1
1
1
1
0
0
1
0
0
1
1
0
1
0
0
1
1
0
0
1
0
1
0
1
0
1
1
0
1
0
0
0
1
1
0
1
1
1
1
0
0
1
1
1
0
0
0
0
0
0
0
0
1
0
1
1
1
1
0
0
0
1
1
0
1
0
1
0
0
0
1
0
0
0
1
1
9303339556
0
0
1
0
0
1
0
0
0
1
0
0
1
1
0
1
1
0
1
0
0
0
0
1
0
1
0
1
0
1
0
0
0
1
1716931180
1327074402
0
0
1
1
0
1
1
0
0
1
0
1
0
0
1
0
0
1
1
0
1
0
1
0
0
1
1
0
0
1
1
0
1
0
0
1
0
0
0
0
0
1
1
1
1
0
1
1
1
0
0
0
1
1
1
1
1
0
1
0
1
0
1
0
0
0
1
1
0
0
0
1
1
0
0
0
1
1
0
0
1
1
0
0
0
1
1
1
1
0
0
1
0
0
0
1
0
0
1
1
1
0
1
1
1
0
0
1
0
1
1
1
1
1
0
6232710978
0
1
0
0
0
0
1
0
1
1
1
1
1
0
0
1
1
1
1
1
1
1
1
0
1
1
0
0
1
1
1
0
1
0
1360021318
1868312958
0
1
1
0
0
0
1
0
1
1
1
0
0
0
1
0
0
0
0
0
1
0
0
0
1
0
0
0
1
0
1
0
0
1
1
1
1
0
1
1
1
1
1
1
0
1
0
1
1
1
0
1
1
1
0
1
1
0
0
1
1
0
1
1
1
1
1
1
0
1
0
0
0
1
1
0
0
0
0
1
1
1
0
1
0
1
1
1
1
0
1
1
0
0
1
0
0
1
0
0
0
0
0
0
0
1
0
0
1
0
1
1
0
1
0
7342348864
0
0
0
0
0
0
1
0
0
1
0
1
1
0
1
0
1
1
0
0
0
1
0
1
1
0
1
0
1
1
0
1
1
0
1
0
1
1
0
0
1
0
0
0
0
1
0
0
0
1
0
0
0
1
0
0
0
0
0
0
1
1
1
1
0
0
0
1
0
0
0
1
0
1
0
1
0
0
0
1
1
1
1
1
1
0
0
0
1
1
0
0
0
1
1
0
1
1
3458249854
898049835
0
1
1
1
1
1
1
0
0
0
1
0
1
1
0
1
0
0
0
0
0
1
0
0
0
1
1
1
0
0
1
1
0
1
1
0
1
0
1
1
1
0
0
1
0
1
0
0
1
0
0
1
1
1
0
1
1
0
0
1
0
1
1
1
1
1
0
1
0
1
0
0
1
1
1
0
0
1
0
0
1
1
1
0
0
0
0
1
1
0
1
0
1
1
0
0
1
1
0
0
0
0
0
1
0
0
0
1
1
0
0
0
0
1
1
1
0
1
0
1
0
1
0
0
1
1
0
1
528861580
0
0
1
1
0
0
0
1
1
0
0
1
0
0
1
1
1
0
1
0
0
0
0
1
1
1
1
1
1
0
0
0
980412007
1
1
1
0
0
1
1
0
0
1
1
0
0
1
1
1
1
1
1
1
0
1
1
0
0
1
0
1
1
1
0
0
2773480762
1541459225
9597126733
7931945634
1007192141
3636978338
0
1
0
1
0
0
0
0
0
0
1
1
1
0
1
1
0
0
0
1
1
0
1
1
1
1
1
0
1
1
1
0
0
1
0
0
0
0
0
1
1
0
1
1
1
1
1
0
0
0
1
1
0
1
1
0
0
1
1
1
1
1
0
0
1
1
1
0
1
1
793441959
3167311386
1
1
1
0
0
1
0
1
0
1
1
0
1
1
1
1
0
1
0
1
0
0
1
0
1
1
1
1
0
1
0
0
1
1
1
0
1
0
1
0
0
1
0
0
0
0
1
1
1
1
0
1
0
1
1
0
1
0
1
1
0
0
0
0
0
1
0
1
1
0
0
0
0
1
1
0
1
0
1
0
1
0
0
1
0
0
1
1
0
0
1
1
1
1
0
1
0
1
1
0
1
1
1
0
1
1
1
0
0
0
0
0
0
0
0
1
1
1
0
0
1
1
1
1
1
0
1
1
1392921134
0
1
1
1
0
1
0
0
0
1
0
1
0
0
1
0
0
1
1
0
0
0
0
0
1
1
0
0
1
0
1
0
973712965
1
0
1
0
0
0
1
0
0
1
1
1
0
1
0
1
1
0
0
1
0
0
0
0
0
1
0
1
1
1
0
0
1013904242
528734635
8755569520
8002318838
165634928
3707351542
0
1
0
1
0
0
0
1
0
1
0
0
0
0
0
1
0
0
0
0
0
0
1
1
0
0
0
0
0
1
0
0
0
0
1
0
1
1
0
1
0
1
0
1
0
0
0
0
0
1
1
1
1
0
0
1
1
0
0
1
1
0
1
1
1
1
1
1
1
1
1685739008
2574287519
0
0
0
0
0
0
0
0
0
1
1
0
1
0
1
0
0
1
0
1
1
1
1
0
0
0
1
0
0
1
1
0
1
1
1
0
0
1
0
0
0
1
1
0
1
0
0
1
1
1
1
0
1
1
1
1
1
0
0
1
1
0
0
0
1
1
1
1
1
0
0
1
0
1
0
0
0
0
0
1
0
0
0
0
1
1
1
0
1
0
0
1
1
0
0
1
1
0
0
0
1
1
1
1
1
0
0
1
1
1
1
0
0
0
0
1
0
1
0
1
1
0
1
0
0
1
1
1
3653755563
1
1
0
1
0
1
0
1
0
1
0
0
0
1
1
1
1
1
1
0
0
0
1
1
1
0
0
1
1
0
1
1
671736421
1
0
1
0
0
1
1
0
0
1
0
0
0
1
1
1
1
0
0
1
0
0
0
0
0
0
0
1
0
1
0
0
3144134277
2600822924
16383148554
17169807402
3498246666
4284905514
1
1
0
1
1
0
0
1
1
0
1
1
0
0
1
1
0
0
1
1
0
1
1
0
1
1
0
0
1
0
0
1
1
0
1
1
1
1
1
0
1
1
1
1
1
0
1
1
1
0
0
1
0
0
0
1
1
1
0
0
1
0
1
1
1
1
1
0
0
1
2826858456
496918608
0
0
0
1
1
0
1
1
1
1
1
1
0
1
1
0
0
1
1
1
1
1
1
0
0
0
0
1
0
1
0
1
0
1
0
1
1
0
0
1
0
0
1
0
0
0
1
0
0
1
1
0
1
1
1
0
0
0
1
0
0
1
0
1
0
0
0
0
1
0
1
0
0
0
0
0
0
1
1
0
0
1
1
1
1
0
0
1
1
0
1
1
1
0
0
0
1
1
1
1
0
1
0
0
1
0
1
0
1
1
1
0
0
1
0
0
0
1
0
1
0
1
1
1
0
1
0
1
3705778850
0
1
0
0
0
1
0
1
0
1
0
0
1
1
0
1
1
0
0
0
0
1
1
1
0
0
1
1
1
0
1
1
411763272
0
0
0
1
0
0
1
0
0
1
0
0
0
0
0
0
1
1
0
1
0
0
0
1
0
0
0
1
1
0
0
0
1779033703
1359893119
12722221878
11262633853
4132287286
2672699261
0
1
0
0
1
0
0
1
1
0
0
0
0
0
1
0
0
1
1
1
1
1
0
0
0
0
0
0
0
1
1
0
0
0
1
0
1
0
0
0
0
1
0
1
0
1
0
0
0
1
1
0
1
0
0
1
0
0
1
0
1
1
1
0
0
1
0
1
0
1
317195641
3202183062
1
0
0
1
1
1
1
0
1
0
1
0
0
0
0
0
0
0
0
1
0
1
1
1
0
1
0
0
1
0
0
0
0
0
0
0
0
1
0
1
0
1
1
1
1
0
1
1
0
0
1
0
0
1
0
0
0
0
1
0
0
1
0
0
0
1
1
0
1
0
0
1
1
1
1
1
0
1
1
0
1
0
1
1
1
0
1
1
0
1
1
1
1
1
0
1
1
0
0
1
1
0
1
0
1
0
0
0
1
0
1
1
0
1
1
1
0
0
1
1
1
0
0
1
1
0
0
0
3757551786
0
1
0
1
0
1
0
1
0
0
0
0
1
1
0
1
1
1
1
0
1
1
1
1
1
1
1
1
1
0
1
1
3503235890
0
1
0
0
1
1
0
0
1
1
0
0
0
1
0
0
1
1
1
1
0
0
1
1
0
0
0
0
1
0
1
1
1007192141
3636978338
18547276038
15734036648
1367406854
2849134760
0
0
1
1
1
0
1
0
0
0
1
1
0
1
0
1
0
0
1
0
0
0
0
0
1
1
1
0
0
0
0
0
0
0
0
1
1
1
1
1
0
1
1
0
0
0
0
0
0
1
1
0
0
0
1
1
0
0
0
0
1
1
1
0
0
1
1
1
0
1
1605806848
1587423101
0
0
0
0
0
0
0
0
1
1
0
1
0
1
0
1
0
1
1
0
1
1
0
1
1
1
1
1
1
0
1
0
0
1
1
0
0
0
1
0
0
1
0
0
1
1
0
1
0
1
0
0
1
0
1
0
0
0
1
1
1
0
1
0
1
0
1
1
1
1
1
0
1
1
1
0
0
1
0
0
0
1
1
1
1
0
0
1
0
1
1
1
1
0
1
0
1
0
0
1
0
1
0
0
1
1
0
0
1
1
1
0
0
1
0
0
1
1
0
1
1
1
1
0
1
1
0
1
3748012074
0
1
0
1
0
1
0
0
0
0
0
0
0
1
0
0
0
1
1
0
0
1
1
0
1
1
1
1
1
0
1
1
3498160902
0
1
1
0
0
0
0
0
1
1
0
0
1
1
0
1
1
0
0
0
0
0
0
1
0
0
0
0
1
0
1
1
165634928
3707351542
16644838065
11706505243
3759936177
3116570651
1
1
0
0
1
0
1
0
1
1
1
0
1
0
0
1
1
1
0
1
1
0
0
1
0
0
1
1
0
1
0
0
0
1
1
1
0
1
1
0
1
0
0
1
1
0
1
0
0
1
1
1
1
1
1
0
1
0
0
1
1
0
1
1
0
1
1
1
1
1
2646787020
2350660063
0
0
1
1
0
0
1
1
1
1
0
0
0
0
1
1
0
1
0
0
0
0
1
1
1
0
1
1
1
0
0
1
0
0
1
1
0
0
1
0
0
0
1
0
0
0
0
0
0
0
0
1
0
0
0
1
1
0
1
1
0
1
1
1
1
1
1
1
1
0
1
1
1
0
0
1
1
1
0
0
0
0
1
1
1
0
0
0
0
0
1
1
0
0
0
1
1
1
0
0
0
0
0
0
0
0
1
0
1
1
0
0
0
0
0
0
1
0
0
1
1
0
1
1
0
1
1
0
2949529452
0
0
1
1
0
1
1
0
1
1
1
1
1
1
0
0
0
1
1
1
0
0
1
1
1
1
1
1
0
1
0
1
4027364150
0
1
1
0
1
1
0
0
1
1
0
0
1
1
0
1
0
0
1
1
0
0
0
0
0
0
0
0
1
1
1
1
3498246666
4284905514
20278570589
17102666085
3098701405
4217764197
0
0
1
1
1
0
0
0
1
1
1
1
1
1
0
0
0
1
0
1
0
0
1
0
1
1
1
0
1
1
0
0
1
1
0
1
1
1
1
1
1
0
1
1
0
0
1
0
0
1
1
1
0
0
0
1
0
0
0
1
0
0
1
0
1
1
1
0
0
0
3581421798
162417063
0
1
1
0
0
1
1
1
0
0
0
1
0
1
0
0
0
0
0
1
1
1
1
0
1
0
1
0
1
0
1
1
0
0
1
0
0
0
0
0
0
1
1
1
1
0
1
0
1
0
0
0
0
0
1
1
0
0
1
1
1
0
0
0
1
1
1
0
0
1
0
1
1
0
0
1
0
0
1
0
0
1
1
1
0
1
0
1
1
0
0
1
0
0
0
0
0
1
0
1
1
0
1
0
1
1
0
1
1
1
1
1
0
1
0
0
1
0
1
0
1
1
0
1
1
1
0
1
3117619337
1
0
0
1
0
0
0
1
0
0
0
1
1
0
0
0
1
1
0
0
1
0
1
1
1
0
0
1
1
1
0
1
4036000277
1
0
1
0
1
0
0
0
0
1
0
1
1
1
1
0
0
0
0
0
1
0
0
1
0
0
0
0
1
1
1
1
4132287286
2672699261
16858818812
13373684023
3973916924
488782135
1
1
0
1
1
0
0
0
1
1
1
1
1
1
1
0
1
1
1
1
1
1
0
1
1
0
1
0
1
0
0
0
0
1
1
0
0
0
0
0
0
0
0
1
0
1
0
0
1
1
0
1
1
1
1
1
1
0
0
0
1
1
0
0
0
1
1
1
1
0
141811557
1804318509
1
0
1
0
0
1
1
0
1
1
1
1
1
0
1
1
1
1
0
0
1
1
1
0
0
0
0
1
0
0
0
0
0
1
1
0
1
0
1
1
0
0
1
1
0
1
0
0
0
0
0
0
1
0
1
1
0
0
1
1
1
1
1
0
1
0
1
1
0
1
0
0
1
1
1
0
1
1
0
1
1
1
0
1
0
0
0
1
1
1
0
1
0
1
1
0
1
1
0
0
0
1
0
1
0
0
1
1
0
1
0
0
1
1
1
0
1
0
0
1
0
1
0
1
1
1
1
1
3118545197
1
0
1
1
0
1
0
0
1
0
0
1
1
1
0
0
1
0
0
0
0
1
1
1
1
0
0
1
1
1
0
1
3902548733
1
0
1
1
1
1
1
1
0
1
0
1
0
1
0
0
0
0
1
1
1
0
0
1
0
0
0
1
0
1
1
1
1367406854
2849134760
17588223484
14911270048
408354300
2026368160
0
0
1
1
1
0
1
0
0
1
1
0
0
1
0
1
1
1
1
1
1
1
1
1
0
1
1
0
1
0
0
0
0
1
0
0
1
0
1
0
1
0
0
1
0
1
0
1
1
0
1
0
0
0
1
1
1
1
1
0
0
1
1
0
1
1
1
1
0
1
2986511785
1981437811
1
0
0
1
0
1
0
1
1
0
1
1
0
0
0
1
0
1
0
0
0
0
0
0
0
1
0
0
1
1
0
1
0
0
0
1
0
0
1
1
1
0
1
1
1
1
1
0
1
0
1
0
1
1
1
1
1
0
0
1
0
1
1
1
1
1
0
0
1
1
1
0
1
1
1
0
1
0
1
0
0
1
0
1
1
0
0
0
0
1
1
0
1
1
1
0
1
1
1
1
0
0
1
0
1
1
1
0
0
0
0
0
0
0
1
1
0
1
1
1
1
0
1
0
1
0
0
0
2602711397
1
0
1
0
0
1
1
0
1
0
0
1
1
1
0
0
0
1
0
0
0
1
0
0
1
1
0
1
1
0
0
1
3101060348
0
0
1
1
1
1
1
1
0
0
1
1
0
1
1
0
0
1
1
0
1
0
1
1
0
0
0
1
1
1
0
1
3759936177
3116570651
14098890393
11771254437
1213988505
3181319845
1
1
0
0
1
0
1
1
1
1
0
0
0
1
1
1
1
1
1
0
0
0
0
0
0
0
1
0
0
1
1
1
1
0
1
1
1
1
0
0
0
1
1
0
0
1
0
0
0
1
1
1
0
1
1
1
0
1
1
1
0
1
0
1
1
1
1
0
0
1
3374766168
2378866022
0
0
0
1
1
0
1
0
0
0
0
1
1
0
1
1
0
1
1
0
0
1
0
0
1
0
0
1
0
0
1
1
1
0
0
1
1
1
1
0
1
0
1
1
1
1
0
1
0
0
1
1
1
0
1
1
0
1
1
0
0
1
0
1
0
1
1
0
0
1
1
0
1
0
1
1
1
0
0
1
0
1
0
1
0
0
1
1
1
0
1
1
0
0
0
1
0
0
0
1
1
1
0
1
1
1
1
1
0
0
1
1
1
0
0
0
0
0
1
0
0
1
0
0
0
0
1
0
950480306
0
1
0
0
1
1
0
1
1
0
1
1
0
1
0
0
1
1
1
0
0
1
0
1
0
0
0
1
1
1
0
0
1214250236
0
0
1
1
1
1
1
1
0
0
1
1
1
1
1
1
1
1
1
1
1
0
1
0
0
0
0
1
0
0
1
0
3098701405
4217764197
12743352207
11253037208
4153417615
2663102616
0
1
0
0
1
0
0
1
1
1
0
0
1
1
1
0
1
0
0
0
0
0
0
0
1
1
1
1
1
1
1
0
1
0
1
1
0
0
0
0
0
0
1
1
1
0
0
1
0
1
0
1
0
1
0
0
0
0
0
1
0
1
0
0
0
1
0
0
0
1
1105560765
750089690
1
0
1
1
1
1
0
1
0
0
1
0
0
0
0
1
1
0
1
0
0
1
1
1
1
0
0
0
0
0
1
0
1
1
0
0
0
1
1
0
1
1
0
1
1
1
0
1
1
1
0
1
1
0
0
1
1
0
0
0
0
0
0
0
0
1
0
1
1
0
1
1
1
0
1
0
1
1
1
0
1
0
1
0
1
1
0
1
0
0
1
1
0
1
0
0
1
0
1
0
1
0
0
1
1
0
0
1
1
1
0
0
1
0
0
1
0
1
1
0
1
0
0
0
1
1
1
0
4242494624
0
0
0
0
0
1
0
1
0
0
1
0
1
0
1
0
1
1
1
1
1
0
1
1
0
0
1
1
1
1
1
1
1481834397
1
0
1
1
1
0
0
1
1
1
1
1
1
1
1
1
0
1
0
0
1
0
1
0
0
0
0
1
1
0
1
0
3973916924
488782135
9495643598
10882165360
905709006
2292230768
0
1
0
0
1
0
0
0
1
0
1
1
1
0
1
1
0
1
0
1
1
0
0
1
1
1
1
0
0
1
0
1
1
1
0
0
1
0
1
0
1
1
1
0
0
1
1
1
0
0
1
1
0
1
1
1
0
0
0
0
0
0
0
1
1
1
1
0
0
1
1394185796
3697716984
0
0
1
0
0
0
1
0
0
1
1
0
1
0
0
1
1
0
0
1
1
0
0
0
1
1
0
0
1
0
1
0
1
1
0
0
1
0
0
1
0
1
1
1
0
1
0
1
0
1
1
1
0
0
0
0
1
1
0
0
0
1
0
1
0
0
0
1
1
1
1
1
0
1
1
1
0
1
0
1
0
1
1
0
0
1
1
0
0
0
1
1
1
0
1
1
0
0
1
1
1
1
0
1
0
1
1
0
1
0
0
1
1
1
0
0
1
1
0
0
0
0
1
1
0
0
0
1
3183459477
1
0
1
0
1
0
0
1
0
0
1
1
1
1
0
1
1
1
1
1
1
1
0
1
1
0
1
1
1
1
0
1
1977098127
1
1
1
1
0
0
0
1
1
1
1
1
1
0
0
0
0
0
0
1
1
0
1
1
1
0
1
0
1
1
1
0
408354300
2026368160
14203906932
11240977309
1319005044
2651042717
1
1
0
0
1
0
0
0
1
1
0
0
0
0
0
1
0
0
0
0
1
1
0
0
1
1
0
0
0
1
0
0
1
0
1
1
1
0
1
1
0
0
0
0
1
1
1
0
0
0
1
1
1
0
0
0
1
0
0
1
0
1
1
1
0
0
1
0
0
0
833109780
68288631
0
0
1
0
1
0
0
0
1
1
1
1
1
1
0
0
0
0
0
1
0
1
0
1
1
0
0
0
1
1
0
0
0
1
1
1
0
1
0
0
0
1
1
1
0
1
1
1
1
0
1
0
0
0
0
0
0
0
0
1
0
0
1
0
1
1
1
0
1
1
1
0
0
0
0
0
0
0
0
0
0
1
0
0
1
0
0
0
0
0
1
0
0
0
0
0
0
0
0
1
1
1
0
1
0
1
1
1
0
0
1
1
1
1
0
1
0
0
1
1
1
0
1
0
0
0
0
0
2293803536
0
0
0
0
1
0
0
0
0
1
0
1
0
1
0
1
0
0
0
1
1
1
0
1
0
0
0
1
0
0
0
1
2006716366
0
1
1
1
0
0
1
1
1
1
1
1
0
0
0
0
0
0
1
1
1
0
0
1
1
1
1
0
1
1
1
0
1213988505
3181319845
10545316364
8919478723
1955381772
329544131
0
1
0
0
1
0
1
1
0
0
1
1
0
0
0
0
0
1
0
1
1
0
1
0
0
0
1
0
0
1
1
0
1
1
0
1
1
0
1
1
1
1
1
1
0
0
1
1
1
1
1
0
0
1
0
0
1
1
1
1
0
0
0
1
0
0
1
1
0
1
1044948279
3860071616
1
1
1
0
1
1
0
0
1
0
1
0
0
1
0
1
0
0
0
1
0
0
1
0
0
1
1
1
1
1
0
0
1
0
1
0
0
1
1
1
0
0
1
0
1
0
0
1
0
0
0
0
0
0
1
0
1
0
1
1
0
0
0
0
0
0
0
0
0
0
1
1
0
0
1
0
0
0
0
0
0
0
1
0
1
0
0
0
0
1
1
0
0
1
1
1
1
0
0
1
0
0
1
0
1
0
1
0
0
1
1
1
0
0
1
1
0
1
0
0
0
0
1
0
1
1
0
0
2583739313
1
0
0
0
1
1
0
1
1
1
0
1
1
1
0
1
0
0
0
0
0
0
0
0
0
1
0
1
1
0
0
1
1956397900
0
0
1
1
0
0
1
0
1
1
0
0
0
0
1
0
0
0
1
1
1
0
0
1
0
0
1
0
1
1
1
0
4153417615
2663102616
14723147827
15875219263
1838245939
2990317375
1
1
0
1
1
0
0
1
0
0
0
0
0
0
0
1
1
1
1
0
1
0
1
0
0
0
1
0
1
1
1
1
0
1
1
1
0
1
1
1
0
1
0
1
1
0
0
1
1
1
1
1
1
1
0
0
0
0
1
0
1
1
1
0
1
0
0
1
0
1
3747609393
124856886
1
0
0
0
1
1
0
0
1
1
0
1
1
1
1
1
1
1
1
1
1
0
1
0
1
1
1
1
1
0
1
1
1
1
1
0
0
0
0
1
0
1
1
0
1
1
0
0
1
1
1
1
1
1
1
1
0
1
0
1
1
0
0
1
0
1
1
0
1
1
0
0
0
1
0
1
0
1
0
0
1
0
0
0
1
1
1
0
1
1
1
0
0
0
0
0
1
1
1
1
0
1
1
1
1
0
1
0
1
1
0
1
0
1
1
1
1
1
0
0
1
0
0
1
1
0
0
0
505885059
1
1
0
0
0
0
0
1
1
0
0
0
1
1
0
0
1
1
1
0
0
1
0
0
0
1
1
1
1
0
0
0
1822190132
0
0
1
0
1
1
0
0
0
1
0
1
0
1
1
0
0
0
1
1
1
0
0
1
0
0
1
1
0
1
1
0
905709006
2292230768
11740995074
7076904555
3151060482
2781937259
0
1
0
1
0
0
0
0
1
0
0
1
0
0
1
1
1
0
1
0
1
0
1
1
0
1
1
0
0
1
1
0
0
1
1
0
0
1
1
0
0
0
1
1
0
1
0
0
1
0
1
1
1
1
0
1
1
1
0
0
0
0
1
1
1
1
0
0
1
0
463045605
2342308916
1
0
1
0
0
1
1
1
1
1
0
0
0
0
0
1
1
0
0
1
1
0
0
1
1
1
0
1
1
0
0
0
0
1
0
1
0
0
0
0
1
0
0
1
0
0
0
1
1
0
0
0
0
1
1
1
0
1
1
1
1
0
1
0
0
0
1
0
1
1
0
0
0
0
1
1
0
0
1
1
0
0
1
1
1
0
0
1
1
1
0
1
0
0
0
1
0
1
1
0
0
1
1
1
1
0
0
1
1
1
1
1
1
1
0
0
0
1
1
1
1
1
0
0
0
1
1
0
2989793195
1
1
0
1
0
1
0
1
1
1
1
1
1
0
0
1
0
0
1
0
1
1
0
0
0
1
0
0
1
1
0
1
2106673666
0
1
0
0
0
0
0
0
0
1
0
1
0
0
1
0
1
0
0
0
1
0
0
1
1
0
1
1
1
1
1
0
1319005044
2651042717
15461996324
14211282097
2577094436
1326380209
1
1
0
1
1
0
0
1
0
1
1
1
0
1
0
0
1
0
0
0
1
0
1
1
0
0
1
0
1
0
0
1
0
1
0
0
1
0
1
1
1
1
0
1
0
0
1
0
1
1
1
0
0
0
0
0
0
0
1
1
0
0
1
1
0
0
1
0
0
0
4062088053
3564077739
1
0
1
0
1
1
1
0
1
1
0
1
0
0
0
1
0
1
1
1
1
0
0
0
0
1
0
0
1
1
1
1
1
1
0
0
1
0
0
0
1
0
0
1
1
0
0
0
0
1
0
0
0
0
1
0
1
1
1
1
1
0
0
1
1
1
0
1
0
1
0
1
0
1
0
0
0
0
0
1
1
1
1
1
0
1
1
0
0
0
1
0
1
0
1
1
0
0
1
1
0
0
0
0
0
1
0
1
1
0
1
1
1
0
1
0
1
0
0
0
1
1
0
0
1
0
1
0
3039887151
1
1
1
1
0
1
0
0
1
1
1
1
1
1
1
1
0
0
0
0
1
1
0
0
1
0
1
0
1
1
0
1
3113311778
0
1
0
0
0
1
0
0
0
1
1
1
1
0
1
0
1
0
0
0
1
0
0
1
1
0
0
1
1
1
0
1
1955381772
329544131
18426840250
13206822191
1246971066
321920303
0
0
1
1
1
0
1
1
0
0
0
1
0
0
0
1
1
1
0
0
1
0
1
1
1
0
1
0
0
1
1
0
0
0
0
0
0
0
1
1
1
0
1
0
0
1
1
0
1
0
1
1
1
1
0
0
0
0
0
0
0
0
1
0
0
1
1
0
1
1
4199836317
2174759422
1
0
1
1
1
0
0
1
0
1
0
1
0
1
1
0
0
0
1
0
1
0
1
0
0
1
0
1
1
1
1
1
0
0
1
0
1
1
0
1
1
1
0
0
0
0
0
1
0
1
1
0
0
0
1
0
1
1
1
0
1
1
0
1
0
1
1
1
1
1
1
1
1
0
0
0
1
1
0
0
0
0
0
0
0
1
0
1
1
0
0
0
0
0
0
1
1
1
1
0
1
1
1
0
0
1
1
0
0
1
0
1
0
1
1
1
0
1
0
1
1
0
0
1
1
0
0
0
2814441057
1
0
0
0
0
1
1
0
0
1
1
0
1
1
1
1
0
0
0
0
0
0
1
1
1
1
1
0
0
1
0
1
2614318626
0
1
0
0
0
1
0
0
0
1
1
0
1
0
1
0
1
1
0
0
1
0
1
1
1
1
0
1
1
0
0
1
1838245939
2990317375
17206562339
12230653335
26693155
3640718743
0
0
1
0
1
0
0
0
1
0
0
0
0
0
0
0
1
1
1
0
1
0
1
1
0
0
1
0
1
1
0
0
0
0
0
0
0
0
0
0
0
0
1
1
0
1
0
0
0
0
0
1
0
0
0
0
1
1
0
0
1
1
0
1
1
0
0
0
1
1
3963966260
1843783716
0
0
1
0
1
1
0
0
1
1
0
0
1
0
1
0
1
0
1
0
0
0
1
0
0
0
1
1
0
1
1
1
0
1
0
0
1
1
0
0
1
1
1
1
1
0
1
1
1
0
1
1
1
1
1
0
1
0
0
0
1
1
0
1
0
0
1
0
0
1
0
0
0
0
0
1
0
1
1
1
1
0
1
0
0
1
1
1
1
0
1
1
0
1
1
0
0
0
0
1
0
0
1
1
1
1
0
0
0
1
0
0
1
1
1
1
1
0
0
1
1
0
1
1
0
1
1
1
386798887
1
1
1
0
0
1
0
0
1
0
1
0
1
0
0
0
0
1
1
1
0
0
0
0
1
1
1
0
1
0
0
0
160646690
0
1
0
0
0
1
0
0
0
1
1
0
0
0
1
0
1
1
0
0
1
0
0
1
1
0
0
1
0
0
0
0
3151060482
2781937259
12898753540
11925201072
13851652
3335266480
1
1
0
0
1
0
0
0
0
1
0
0
1
1
1
1
1
1
0
1
0
1
0
1
1
0
1
0
1
1
0
0
1
0
1
0
0
1
0
1
0
0
1
1
0
0
1
0
0
1
1
1
1
1
1
0
0
1
1
1
0
0
0
0
0
0
0
0
0
1
2909061528
3004412261
0
0
0
1
1
0
0
1
1
0
0
0
0
0
1
1
0
0
1
0
0
1
1
0
1
0
1
1
0
1
0
1
1
1
0
1
1
0
0
1
1
0
0
0
1
0
1
1
0
0
1
0
1
0
0
0
0
0
0
0
0
1
1
1
1
0
1
0
0
1
1
0
1
0
0
0
1
1
0
1
1
1
0
0
1
0
0
0
1
1
0
0
1
1
0
1
0
1
1
0
0
0
0
0
1
0
0
1
0
1
1
1
1
1
0
0
0
0
0
0
1
0
1
0
1
0
1
1
3509599647
1
1
1
1
1
0
0
1
1
0
1
1
1
1
0
0
0
0
0
0
1
1
0
0
1
0
0
0
1
0
1
1
13847586
0
1
0
0
0
1
0
0
0
0
1
1
0
0
1
0
1
1
0
0
1
0
1
1
0
0
0
0
0
0
0
0
2577094436
1326380209
15381999560
15036184882
2497097672
2151282994
1
1
0
1
1
0
0
0
1
1
0
1
1
0
0
0
1
1
0
0
0
1
0
0
0
0
1
0
1
1
0
1
0
1
0
0
1
0
0
1
0
0
1
0
0
0
0
0
1
0
1
0
1
0
0
1
1
1
1
1
1
0
0
1
0
0
1
0
0
1
30289684
4037835163
0
0
1
0
1
0
0
0
1
1
1
1
0
1
0
0
0
1
1
1
0
0
1
1
1
0
0
0
0
0
0
0
1
1
1
0
0
0
1
0
1
0
1
1
0
0
0
0
1
0
0
0
1
1
1
0
1
1
0
1
1
0
1
0
1
1
0
1
1
0
0
1
1
0
0
1
1
1
1
0
0
0
1
1
0
1
0
1
0
0
0
0
1
1
1
1
1
1
0
1
1
0
1
1
0
0
0
0
0
1
1
1
0
0
0
0
1
0
1
0
0
0
1
1
0
1
1
1
3641189557
1
0
1
0
1
1
0
1
0
0
1
0
0
1
0
0
0
0
0
1
0
0
0
0
1
0
0
1
1
0
1
1
14110208
0
0
0
0
0
0
0
0
0
1
1
1
0
0
1
0
1
1
1
0
1
0
1
1
0
0
0
0
0
0
0
0
1246971066
321920303
9845116012
11047687186
1255181420
2457752594
0
1
0
0
1
0
0
1
0
0
0
1
0
1
0
0
0
0
0
1
0
0
1
0
1
1
0
0
0
0
1
0
0
1
1
1
1
0
1
0
1
0
0
0
1
1
1
0
1
1
1
0
0
0
0
1
0
1
0
1
1
1
1
0
1
0
0
0
1
0
870827188
4147232723
0
0
1
0
1
1
0
1
0
0
1
0
0
0
1
1
1
1
1
0
0
1
1
1
1
1
0
0
1
1
0
0
1
1
1
1
1
0
0
1
1
0
1
0
1
1
1
0
0
1
1
0
1
0
1
1
1
0
0
0
1
1
1
0
1
1
0
0
1
0
1
1
1
1
1
1
1
1
0
1
1
0
0
0
1
1
0
0
1
1
1
0
1
1
1
1
0
1
0
1
1
0
0
1
0
1
1
0
1
1
0
1
1
1
0
1
1
0
0
0
0
0
0
1
0
0
1
1
3300421810
0
1
0
0
1
1
0
1
0
0
0
0
1
1
1
0
0
0
0
1
1
1
0
1
0
0
1
0
0
0
1
1
13798476
0
0
1
1
0
0
1
0
0
0
1
1
0
0
0
1
0
1
0
0
1
0
1
1
0
0
0
0
0
0
0
0
26693155
3640718743
14915805346
14057872837
2030903458
1172970949
1
1
0
1
1
0
1
1
1
1
1
0
1
0
1
0
0
1
0
0
1
0
1
0
1
1
1
1
1
1
1
1
1
0
0
1
1
0
0
1
1
0
1
0
1
1
0
1
1
1
0
1
1
1
1
0
0
1
0
1
0
0
0
0
0
0
0
1
1
0
2949777829
1488058262
1
0
1
0
0
1
0
1
1
0
0
1
0
0
0
0
0
1
0
0
1
0
1
1
1
1
1
1
0
1
0
1
1
0
0
0
0
0
1
0
0
0
0
0
0
0
0
1
0
0
0
0
1
0
1
0
1
1
0
1
1
0
0
1
0
1
1
0
1
0
0
1
1
1
1
0
1
1
1
1
1
0
0
0
1
1
0
1
0
0
0
1
1
0
1
0
0
0
1
0
1
1
0
0
1
0
1
0
1
0
0
0
1
1
1
1
1
1
0
1
1
0
1
1
0
1
0
1
2155607090
0
1
0
0
1
1
0
0
0
0
1
0
1
1
1
1
1
1
0
1
1
1
1
0
0
0
0
0
0
0
0
1
1490332904
0
0
0
1
0
1
1
1
0
0
1
1
0
1
0
1
0
0
1
0
1
0
1
1
0
0
0
1
1
0
1
0
13851652
3335266480
14629554527
10203295446
1744652639
1613360854
1
1
0
0
1
0
0
0
0
0
0
0
1
0
0
0
0
1
1
1
0
0
1
0
1
0
0
0
0
1
0
1
1
0
0
0
0
1
0
0
0
1
1
1
1
0
1
1
1
1
0
0
1
1
1
0
1
1
1
0
1
0
1
0
0
1
0
0
1
0
1713442850
2545666486
0
1
0
0
0
1
0
0
0
0
0
0
1
0
0
0
1
0
0
0
0
1
0
0
0
1
1
0
0
1
1
0
1
0
1
1
1
1
0
1
1
0
1
1
0
1
1
0
0
0
1
0
0
0
0
0
1
1
0
0
1
0
0
1
0
1
1
0
1
1
0
1
1
0
0
1
0
0
1
1
1
1
0
1
1
1
0
1
1
1
1
0
1
0
0
1
0
1
1
0
0
0
0
1
0
1
0
0
0
1
0
1
0
0
1
1
0
0
1
0
1
1
0
0
0
0
0
1
3531480260
0
0
1
0
0
0
1
1
0
0
1
1
1
0
0
0
0
1
1
1
1
1
1
0
0
1
0
0
1
0
1
1
1809647726
0
1
1
1
0
1
1
0
0
0
0
1
0
0
0
0
1
0
1
1
1
0
1
1
1
1
0
1
0
1
1
0
2497097672
2151282994
15141779520
14115786616
2256877632
1230884728
1
1
0
1
1
0
1
1
0
1
1
0
1
1
1
1
1
0
1
0
1
1
1
1
0
1
0
1
1
0
0
0
0
0
0
1
0
0
0
1
0
0
0
1
1
1
1
1
0
0
0
0
1
1
0
1
0
1
0
1
1
0
0
0
1
1
0
0
0
0
4148459555
2697715872
1
1
0
0
0
1
0
0
0
0
0
1
1
1
1
0
0
0
1
0
0
0
1
0
1
1
1
0
1
1
1
1
1
0
0
1
1
1
0
0
0
1
0
1
1
1
1
0
1
0
1
0
0
1
0
1
1
1
0
0
0
1
1
1
0
0
0
0
0
1
0
1
0
0
0
0
0
1
1
1
1
1
0
1
0
0
1
1
0
0
0
0
0
1
0
1
0
0
1
0
0
0
0
1
0
0
1
1
1
0
1
0
0
0
1
1
0
1
0
0
0
1
1
1
0
0
0
0
1152114389
1
0
1
0
1
0
1
1
0
1
1
1
1
0
1
1
1
1
0
1
0
1
0
1
0
0
1
0
0
0
1
0
1737304130
0
1
0
0
0
0
1
0
0
0
0
1
0
1
0
0
1
0
1
1
0
0
0
1
1
1
1
0
0
1
1
0
1255181420
2457752594
17723807707
13093225442
543938523
208323554
0
0
1
1
1
0
1
0
1
1
0
1
1
1
0
0
0
0
1
0
1
0
1
1
1
1
1
1
1
0
0
1
1
0
0
0
1
1
1
1
0
1
0
0
0
0
0
1
1
1
1
1
1
0
0
1
0
0
0
0
0
0
1
1
1
1
1
1
0
0
3650918953
3239171921
1
0
0
1
0
1
0
0
0
1
0
1
1
0
0
1
0
0
1
1
1
0
0
1
1
0
0
1
1
0
1
1
0
0
0
1
0
1
0
1
0
1
1
0
1
1
1
1
1
1
0
0
0
0
1
1
0
1
1
0
1
1
1
0
1
0
0
0
1
0
1
0
1
1
1
0
1
0
1
1
1
0
0
0
1
0
0
0
1
0
0
0
0
0
1
1
1
1
1
0
1
0
1
0
0
1
1
0
0
1
0
0
0
0
0
0
1
1
1
0
0
0
1
0
1
1
1
1
1749675892
0
0
1
0
1
1
1
0
1
1
1
1
0
1
1
1
1
0
0
1
0
0
1
0
0
0
0
1
0
1
1
0
653089115
1
1
0
1
1
0
1
0
1
0
0
1
1
0
1
0
1
0
1
1
0
1
1
1
0
1
1
0
0
1
0
0
2030903458
1172970949
16215134445
13942029835
3330232557
1057127947
1
1
0
1
1
0
0
1
0
0
0
0
1
1
1
0
0
1
0
1
0
1
1
0
1
0
0
1
1
0
1
0
1
0
1
1
0
1
0
0
0
0
0
0
0
1
1
0
0
0
1
0
1
0
1
0
0
0
0
0
1
0
1
1
0
1
0
0
0
1
196235480
1822747688
0
0
0
1
1
0
1
1
0
0
0
0
1
0
1
0
0
1
0
0
1
1
0
1
1
1
0
1
0
0
0
0
1
0
0
0
0
0
1
1
1
1
1
0
0
1
1
1
1
0
0
0
1
1
1
1
0
1
1
0
1
1
1
1
0
0
0
1
0
1
0
0
0
0
1
1
0
1
1
1
0
0
1
0
0
1
0
1
0
0
1
1
0
1
1
0
1
1
1
0
1
1
0
1
1
0
0
1
0
1
1
1
1
1
0
1
1
0
0
1
1
0
1
1
0
1
1
1
1281344370
0
1
0
0
1
1
1
0
1
1
0
0
0
0
1
1
1
1
1
1
1
0
1
0
0
0
1
1
0
0
1
0
2255442121
1
0
0
1
0
0
1
1
0
0
0
0
1
0
1
0
1
1
1
1
0
1
1
0
0
1
1
0
0
0
0
1
1744652639
1613360854
11633273282
10926248320
3043338690
2336313728
0
1
0
0
1
0
1
1
1
1
0
0
0
0
0
0
1
0
1
0
1
0
1
1
0
1
0
1
0
1
1
1
1
1
0
0
0
1
0
0
1
1
1
1
1
1
0
1
1
1
0
1
1
1
0
0
1
0
1
0
1
1
1
1
0
1
1
1
1
1
1978387336
2459217193
0
0
0
1
0
0
0
1
1
1
0
1
0
0
1
1
1
1
0
1
0
1
1
1
1
0
1
0
1
1
1
0
1
0
1
1
1
0
1
0
1
0
0
0
0
0
1
1
0
0
1
1
0
0
1
0
1
1
0
0
0
1
1
1
1
0
0
1
0
1
0
0
1
0
1
1
0
1
0
1
0
0
1
0
1
0
0
1
0
1
0
0
1
0
0
1
0
0
1
1
0
1
1
0
1
0
1
1
0
1
1
0
0
0
1
1
1
1
0
0
0
1
0
0
1
1
0
0
254464610
0
1
0
0
0
1
1
0
0
1
0
0
1
0
1
1
0
1
0
1
0
1
0
0
1
1
1
1
0
0
0
0
2758791627
1
1
0
1
0
0
1
1
1
0
0
0
1
0
1
1
1
1
1
1
0
1
1
0
0
0
1
0
0
1
0
1
2256877632
1230884728
15295271951
12814970620
2410370063
4225036028
1
1
0
0
1
0
1
1
1
0
1
0
1
1
0
1
1
0
0
1
0
1
1
1
0
0
0
1
0
0
0
1
0
1
0
0
0
1
0
0
1
1
1
1
1
0
1
1
1
0
1
0
0
1
1
0
0
1
1
0
1
0
0
0
1
0
1
1
0
0
4005992039
3322369883
1
1
1
0
0
1
1
0
0
1
1
0
1
0
0
1
0
1
1
0
0
0
1
1
0
1
1
1
0
1
1
1
1
0
0
1
1
0
1
0
0
0
0
1
0
1
0
1
0
1
1
0
1
0
0
1
1
1
0
0
0
0
1
0
1
1
0
1
1
0
1
0
1
1
1
0
1
0
1
0
1
1
1
0
0
0
0
0
0
1
1
0
0
0
1
1
0
1
1
0
0
1
0
0
1
0
0
1
0
1
0
0
0
0
0
0
1
1
1
0
0
0
1
1
0
1
0
0
2403487875
1
1
0
0
0
0
0
1
0
0
0
0
1
0
1
0
0
1
0
0
0
0
1
0
1
1
1
1
0
0
0
1
2272219343
1
1
1
1
0
0
1
1
0
0
0
0
1
0
1
0
1
1
1
1
0
1
1
0
1
1
1
0
0
0
0
1
543938523
208323554
19497461463
13763188604
2317592279
878286716
0
0
1
1
1
0
1
1
0
1
0
0
0
0
0
1
0
0
1
1
1
1
1
1
0
1
1
0
1
1
1
0
1
1
0
0
1
1
1
0
0
0
1
1
0
1
1
1
1
0
1
1
0
1
1
1
1
0
0
0
0
1
0
1
0
1
0
1
0
1
1521477248
865882997
0
0
0
0
0
0
0
1
0
1
1
0
0
1
1
1
1
1
1
1
0
1
0
1
0
1
0
1
1
0
1
0
0
0
0
1
0
1
0
1
0
0
0
1
1
1
0
1
0
0
1
0
1
1
0
0
0
0
1
0
1
0
1
1
1
0
1
0
1
1
1
0
1
1
0
0
1
0
1
0
0
0
1
1
1
0
0
1
1
1
0
0
1
1
0
0
1
1
1
1
0
1
1
0
1
0
1
1
0
1
1
1
1
1
1
0
1
0
1
0
1
1
1
1
1
0
0
0
3142633212
0
0
1
1
1
1
1
1
0
1
1
0
0
0
1
1
0
0
0
0
1
0
1
0
1
1
0
1
1
1
0
1
2401477831
1
1
1
0
0
0
1
1
0
0
1
0
0
1
0
1
1
1
0
0
0
1
0
0
1
1
1
1
0
0
0
1
3330232557
1057127947
12043678219
11450955697
3453743627
2861021105
0
1
0
0
1
0
1
0
1
0
1
1
0
0
0
1
1
0
1
1
0
1
1
1
0
1
0
0
0
0
0
0
1
0
1
1
0
0
0
1
1
1
1
1
1
0
0
0
1
1
0
1
0
1
0
0
1
0
0
1
1
1
0
0
1
1
0
0
1
0
216055146
1933874941
0
1
0
1
0
1
1
0
1
0
1
1
1
1
0
1
0
0
0
0
0
1
1
1
0
0
1
1
0
0
0
0
1
0
1
1
1
0
1
0
0
1
0
0
1
0
0
1
0
0
0
1
0
1
0
0
1
1
0
0
0
1
1
0
1
0
1
1
1
1
1
1
0
1
1
0
1
0
0
1
0
0
1
0
0
0
1
0
1
1
0
0
1
1
1
0
0
0
0
1
0
1
0
0
0
1
1
1
0
0
1
0
1
1
1
1
1
0
0
1
0
0
0
0
1
1
0
0
1901191036
0
0
1
1
1
1
1
0
1
1
1
1
1
0
1
1
1
0
0
0
1
0
1
0
1
0
0
0
1
1
1
0
2410411535
1
1
1
1
0
0
0
0
0
1
1
0
1
1
1
1
1
1
0
1
0
1
0
1
1
1
1
1
0
0
0
1
3043338690
2336313728
9463117365
9879989374
873182773
1290054782
0
1
0
0
1
0
0
0
0
1
0
0
1
0
0
0
0
0
0
0
1
1
1
0
1
1
0
1
1
1
0
1
0
0
0
1
0
1
0
0
0
0
0
0
1
0
1
0
1
0
0
0
1
1
1
0
0
1
1
0
0
0
0
0
1
0
1
0
1
1
3530791168
78393602
0
0
0
0
0
0
0
0
1
0
0
1
1
0
0
1
1
1
0
0
1
1
1
0
0
1
0
0
1
0
1
1
0
0
0
0
1
0
1
1
1
0
1
1
0
0
1
0
1
1
0
1
0
1
0
1
0
0
1
1
1
1
1
1
0
1
0
0
0
0
0
0
1
0
0
0
1
1
0
0
0
0
1
1
0
1
0
1
0
0
1
0
0
0
0
0
0
0
1
0
0
1
0
0
0
1
1
1
0
0
0
0
0
1
0
1
1
1
1
1
0
1
1
0
1
1
1
0
949860144
0
0
0
0
1
1
0
0
1
1
1
0
1
1
0
1
1
0
1
1
1
0
0
1
0
0
0
1
1
1
0
0
2349577751
1
1
1
0
1
0
0
0
0
1
1
0
1
1
0
1
1
1
0
1
0
0
0
0
0
0
1
1
0
0
0
1
2410370063
4225036028
15618392136
12148393280
2733490248
3558458688
1
1
0
0
1
0
1
1
0
1
0
1
0
1
0
1
1
0
1
1
0
1
0
1
1
1
1
1
0
0
1
0
0
1
1
0
1
0
0
1
0
0
0
0
0
1
1
0
1
0
0
1
0
0
1
1
1
0
1
0
0
1
0
0
0
0
0
1
0
1
2650752503
2812822599
1
1
1
0
1
1
1
1
1
0
1
0
0
0
1
0
1
1
1
1
1
1
1
1
1
0
1
1
1
0
0
1
0
0
1
1
1
1
1
0
1
1
1
0
0
1
1
0
0
1
1
1
1
1
1
1
0
1
0
1
0
1
0
0
1
1
1
0
0
0
1
0
0
0
1
0
0
0
1
0
0
0
0
1
0
1
0
1
1
1
1
0
0
1
0
1
1
0
1
1
0
1
0
0
0
0
1
0
0
1
1
1
0
1
0
1
0
0
1
0
1
1
0
1
0
1
0
1
1854322417
1
0
0
0
1
1
1
1
0
1
1
0
1
1
0
1
0
1
1
0
0
0
0
1
0
1
1
1
0
1
1
0
2764829193
1
0
0
1
0
0
0
0
0
1
0
0
1
1
1
1
1
1
0
1
0
0
1
1
0
0
1
0
0
1
0
1
2317592279
878286716
14382184107
11284194690
1497282219
2694260098
1
1
0
0
1
0
0
1
0
1
1
0
0
0
1
0
0
1
1
1
1
0
0
0
1
0
1
0
1
0
0
0
0
1
0
1
0
1
1
0
0
0
0
0
1
1
1
1
0
1
0
1
1
1
0
0
0
0
1
1
0
0
0
0
1
1
0
1
0
1
2580531515
4047802146
1
1
0
1
1
1
0
0
1
0
0
1
0
0
1
1
1
1
1
1
0
0
1
1
1
0
0
1
1
0
0
1
1
1
1
1
1
0
1
0
0
0
1
0
0
1
1
0
1
0
1
0
1
0
0
0
1
1
0
0
0
1
1
0
0
1
0
0
0
1
0
0
1
1
1
1
0
0
0
1
0
0
1
0
0
0
1
0
1
0
0
0
1
1
1
1
0
1
0
0
1
1
1
0
0
1
1
1
0
0
1
0
0
1
1
0
1
0
1
1
0
1
0
1
1
1
0
1
3429993852
0
0
1
1
1
1
1
0
1
0
1
1
0
0
0
1
1
0
0
0
1
1
1
0
0
0
1
1
0
0
1
1
808433193
1
0
0
1
0
1
0
0
0
1
1
0
1
1
0
1
1
1
1
1
0
1
0
0
0
0
0
0
1
1
0
0
3453743627
2861021105
15709010202
15773789121
2824108314
2888887233
1
1
0
1
1
0
1
1
1
0
0
1
0
1
0
0
0
1
0
1
0
1
0
1
1
1
0
0
0
1
1
1
0
1
1
0
1
1
0
1
1
1
0
0
0
1
0
0
0
1
1
1
0
0
1
0
0
1
1
1
1
1
1
1
0
0
1
1
0
0
858011204
1727047012
0
0
1
0
0
0
1
0
0
1
1
0
1
1
0
0
0
0
1
0
0
1
0
0
1
1
0
0
1
1
0
0
1
0
1
0
0
1
1
1
0
0
1
1
1
0
1
0
0
0
0
0
0
0
1
1
0
1
0
0
0
1
1
0
0
0
1
0
0
1
1
0
1
0
1
0
0
1
0
1
0
0
0
0
1
1
1
1
0
1
1
0
0
1
1
0
0
1
0
0
1
1
0
1
1
0
1
0
0
0
1
0
1
0
1
0
0
0
0
1
0
1
1
1
1
1
1
0
4028179840
0
0
0
0
0
0
0
1
1
0
1
0
0
1
0
0
1
0
0
1
1
0
0
0
0
0
0
0
1
1
1
1
2826760202
0
1
0
1
0
0
0
0
0
0
0
0
1
1
1
1
0
0
1
1
1
1
1
0
0
0
0
1
0
1
0
1
873182773
1290054782
12273494183
9461905550
3683559591
871970958
0
1
0
0
1
0
1
0
1
0
0
1
1
0
1
1
1
0
1
0
1
0
0
1
1
0
0
1
1
0
0
1
0
1
0
0
0
0
0
0
0
0
1
0
1
1
1
0
1
0
1
1
1
0
1
0
1
0
1
1
0
1
0
1
0
1
0
0
1
0
2306861362
3583368412
0
1
0
0
1
1
0
0
1
0
0
1
0
1
1
1
1
1
1
1
1
1
1
0
1
0
0
1
0
0
0
1
0
0
1
1
1
0
1
0
0
1
1
0
1
1
1
0
1
0
1
1
1
0
1
1
1
1
0
0
1
1
0
1
0
0
1
1
1
0
1
1
0
0
1
1
1
0
1
1
1
0
1
0
1
0
0
1
1
0
1
0
1
0
1
1
1
0
1
0
0
0
1
1
1
1
0
1
1
0
0
1
1
0
0
1
0
0
0
0
1
0
0
1
0
1
0
0
2687905152
0
0
0
0
0
0
0
1
1
0
1
1
0
1
0
0
0
1
1
0
1
1
0
0
0
0
0
0
0
1
0
1
3642669227
1
1
0
1
0
1
0
1
0
0
0
1
1
1
0
1
0
1
1
1
1
0
0
0
1
0
0
1
1
0
1
1
2733490248
3558458688
21649315685
18433275344
174479205
1253406160
1
0
1
0
0
1
0
0
1
0
1
0
0
1
1
1
1
0
1
1
0
0
1
0
1
0
0
0
0
0
1
0
1
1
1
0
0
1
0
1
1
0
1
0
1
0
0
1
0
0
0
1
0
0
1
0
0
0
1
0
0
0
1
1
0
1
0
0
0
0
1626100418
2711186268
0
1
0
0
0
0
1
1
0
1
0
0
1
0
1
0
0
0
1
1
0
1
1
1
0
0
0
0
0
1
1
0
1
1
0
1
0
1
1
1
0
1
1
0
0
0
1
1
1
0
0
0
1
1
0
1
1
0
0
1
1
1
1
1
0
0
1
1
1
0
1
0
1
1
0
1
0
1
1
0
1
0
0
1
1
0
0
1
1
0
0
0
0
1
0
1
1
0
0
1
1
1
1
0
1
1
0
0
0
0
0
1
1
1
0
0
0
1
0
0
1
1
0
1
1
1
1
1
2796665473
1
0
0
0
0
0
0
1
0
1
0
1
1
1
0
1
1
0
0
0
1
1
0
1
0
1
1
0
0
1
0
1
2319874343
1
1
1
0
0
1
0
0
1
0
0
1
1
1
1
0
0
1
1
0
0
0
1
0
0
1
0
1
0
0
0
1
1497282219
2694260098
15519266708
13070574166
2634364820
185672278
1
1
0
1
1
0
0
1
0
0
1
0
1
1
0
1
0
1
1
0
0
0
0
1
1
1
1
1
1
1
1
0
0
0
0
1
0
1
1
1
1
1
0
0
0
1
0
0
1
0
0
1
1
0
0
0
0
0
1
0
0
0
0
0
0
0
0
1
0
0
2403071928
2591821224
0
0
0
1
1
1
0
1
1
1
1
0
1
1
1
1
1
1
0
1
1
1
0
0
1
1
1
1
0
0
0
1
0
0
1
1
0
0
1
1
1
0
1
0
0
1
0
1
1
0
1
0
0
1
1
1
1
1
0
1
1
0
0
1
0
0
0
1
0
1
0
1
1
0
1
1
0
0
0
0
0
0
1
1
1
1
1
0
0
1
0
1
1
0
0
1
1
0
1
1
0
1
0
1
0
1
1
0
0
1
0
0
1
0
1
1
0
1
1
1
0
1
0
0
1
0
0
0
989411544
0
0
0
1
1
0
1
1
0
0
0
1
1
1
0
0
1
0
0
1
1
1
1
1
0
1
0
1
1
1
0
0
2600875941
1
0
1
0
0
1
0
1
1
1
1
0
1
1
0
0
0
1
1
0
0
0
0
0
1
1
0
1
1
0
0
1
2824108314
2888887233
15602686674
13422847119
2717784786
537945231
1
1
0
1
1
0
0
0
0
0
0
1
0
0
0
1
1
1
1
0
1
1
1
0
1
1
1
1
0
1
0
0
1
0
1
0
0
0
0
0
0
0
1
1
0
0
1
1
0
1
0
1
0
1
0
0
1
0
0
1
1
0
0
0
0
0
0
1
1
1
2256651203
2773877774
1
1
0
0
0
0
1
1
1
1
0
0
0
0
1
1
1
0
0
0
0
0
0
1
0
1
1
0
0
0
0
1
0
0
1
0
0
0
1
0
1
0
0
1
0
0
0
1
0
1
0
1
0
1
1
1
0
1
1
1
1
1
1
0
0
1
1
1
0
0
0
0
0
0
1
0
0
0
0
0
0
1
1
0
1
0
1
0
1
0
1
0
0
1
0
1
0
1
1
1
1
0
0
1
1
1
0
0
0
0
1
0
0
0
1
0
0
1
1
0
1
0
1
1
0
1
0
1
1253388630
0
1
1
0
1
0
1
0
1
0
0
0
1
1
0
0
1
0
1
0
1
1
0
1
0
1
0
1
0
0
1
0
2305169364
0
0
1
0
1
0
1
1
1
1
1
0
1
0
0
0
0
1
1
0
0
1
1
0
1
0
0
1
0
0
0
1
3683559591
871970958
13232889376
12354628400
347987488
3764693808
1
1
0
0
1
0
1
1
0
1
0
1
0
1
0
1
1
0
1
0
0
1
0
1
0
0
1
1
0
0
1
0
1
0
0
0
1
1
0
0
1
1
0
0
1
0
1
0
1
1
1
1
1
0
0
0
1
0
0
0
0
1
0
1
1
0
1
1
0
0
56054324
2546468425
0
0
1
0
1
1
0
0
0
1
0
0
1
0
1
0
1
1
1
0
1
0
1
0
1
1
0
0
0
0
0
0
0
1
1
0
0
1
1
0
0
1
0
0
1
0
1
1
1
1
1
1
0
1
0
0
0
0
1
0
1
1
1
1
1
0
0
1
0
0
1
0
0
1
1
0
0
0
0
0
0
0
0
1
0
0
1
1
1
1
1
0
1
0
0
1
1
0
0
1
1
1
0
0
0
1
1
1
1
0
0
1
1
0
1
1
1
0
0
1
1
0
1
0
0
1
0
1
722542662
0
1
1
0
0
0
1
0
0
0
0
0
0
1
0
0
1
0
0
0
1
0
0
0
1
1
0
1
0
1
0
0
2512199312
0
0
0
0
1
0
0
1
0
1
1
1
1
0
0
0
1
0
1
1
1
1
0
1
1
0
1
0
1
0
0
1
174479205
1253406160
11898361515
9504587084
3308426923
914652492
0
1
0
0
1
0
1
1
1
0
0
1
0
1
0
0
1
0
0
1
0
0
0
0
1
1
1
1
1
1
1
0
1
0
1
0
0
0
1
1
1
1
0
1
1
0
0
1
0
1
1
0
0
1
0
1
0
1
1
1
1
1
0
1
1
1
1
0
0
1
2387092266
3680659297
0
1
0
1
0
1
0
0
1
1
0
0
0
1
0
0
0
0
0
1
0
0
1
0
0
1
1
1
0
0
0
1
0
1
1
1
1
1
0
0
0
0
1
1
0
0
0
1
0
1
0
0
1
0
0
0
0
0
1
0
0
0
1
0
1
0
0
0
0
1
1
0
1
1
1
0
0
1
1
0
0
1
0
0
0
1
1
0
1
1
0
1
1
0
1
1
0
1
0
1
1
1
1
0
1
0
0
0
0
0
1
1
0
0
1
1
1
0
1
0
1
0
0
1
1
0
0
1
538192259
1
1
0
0
0
0
0
1
1
0
0
1
0
1
0
0
0
0
1
0
1
0
0
0
0
0
0
0
0
1
0
0
2243862178
0
1
0
0
0
1
0
1
0
1
1
1
1
0
0
1
0
1
1
1
1
1
0
1
1
0
1
0
0
0
0
1
2634364820
185672278
13253747879
11257158255
368845991
2667223663
1
1
0
0
1
0
1
1
0
0
0
0
1
0
0
1
1
0
0
0
0
1
0
0
1
0
1
0
1
1
1
0
0
1
0
0
0
0
1
1
0
0
1
0
1
1
1
1
1
1
0
0
1
1
0
0
0
0
0
0
1
0
1
0
1
0
0
0
0
1
282409631
2395276021
1
1
1
1
1
0
0
1
0
1
0
1
1
1
0
0
1
0
1
0
1
0
1
1
0
0
0
0
1
0
0
0
0
0
0
1
0
0
1
1
0
1
1
0
0
1
0
1
1
1
1
0
0
0
1
0
0
0
0
0
0
1
1
1
1
0
1
0
1
1
1
1
0
1
0
0
0
0
0
0
1
0
1
0
0
0
1
1
0
1
1
1
0
0
0
1
0
1
0
1
1
1
0
0
1
0
1
0
1
1
0
0
0
0
0
1
0
0
0
1
1
1
0
0
1
1
1
1
1988376924
0
0
1
1
1
0
1
0
1
0
0
1
1
1
0
0
0
0
1
0
0
0
0
1
0
1
1
0
1
1
1
0
364680867
1
1
0
0
0
1
0
1
0
1
1
0
1
0
0
1
0
0
1
1
1
1
0
1
1
0
1
0
1
0
0
0
2717784786
537945231
13049824835
15120519123
164922947
2235617235
1
1
0
1
1
0
0
1
0
1
0
1
1
0
0
1
1
0
1
0
1
1
0
1
1
0
0
0
1
0
1
1
1
1
0
1
0
0
0
0
1
0
1
0
1
1
0
1
0
1
0
0
1
1
1
1
0
1
1
0
0
1
1
1
0
1
1
0
0
1
2725536531
335692516
1
1
0
0
1
0
0
0
1
1
0
0
0
1
1
0
0
0
1
0
1
1
1
0
0
1
0
0
0
1
0
1
0
0
1
0
1
1
0
0
1
1
1
1
0
1
1
0
1
0
1
1
0
1
1
0
0
0
0
0
1
1
1
1
0
0
1
0
0
1
1
1
0
1
0
0
0
0
1
0
0
1
0
0
0
0
0
0
0
0
1
0
1
0
0
0
0
1
1
0
0
1
0
0
1
1
0
1
0
1
0
1
1
0
1
0
0
1
1
0
0
0
1
0
1
1
0
1
3066346063
1
1
1
1
0
0
1
0
0
1
0
1
1
1
0
1
0
0
1
0
0
0
1
1
0
1
1
0
1
1
0
1
99911331
1
1
0
0
0
1
0
1
0
1
1
0
0
0
0
1
0
0
1
0
1
1
1
1
1
0
1
0
0
0
0
0
347987488
3764693808
13678073450
11200613076
793171562
2610678484
1
1
0
0
1
0
1
1
0
1
1
0
0
0
0
0
0
1
0
1
1
1
0
0
1
0
1
0
0
0
0
1
1
1
0
1
1
0
0
1
0
0
1
0
1
0
1
0
0
0
1
0
0
1
1
0
0
1
1
0
0
1
1
0
0
0
0
0
0
0
601450257
3306714655
1
0
0
0
1
0
0
0
1
1
1
0
0
1
1
0
1
0
0
1
1
0
1
1
1
1
0
0
0
1
0
0
0
0
1
1
0
1
0
1
1
1
1
1
0
0
1
1
0
0
0
0
0
0
0
1
0
0
0
1
1
1
0
0
1
1
1
1
1
0
0
0
0
1
1
0
1
1
1
0
0
0
0
1
1
0
0
0
1
0
1
0
0
0
1
1
0
1
0
0
1
0
1
0
0
0
1
1
1
0
0
0
1
0
1
1
1
1
1
1
0
0
0
1
0
0
0
0
2237717243
1
1
0
1
1
1
1
1
0
1
0
1
1
0
1
1
0
0
0
0
0
1
1
0
1
0
1
0
0
0
0
1
232031843
1
1
0
0
0
1
1
0
0
1
1
0
0
0
0
1
0
0
1
0
1
0
1
1
1
0
1
1
0
0
0
0
3308426923
914652492
14731765787
17206710610
1846863899
26841426
1
1
0
0
0
1
1
0
1
1
0
0
0
0
0
0
0
0
0
1
0
1
0
1
1
0
0
0
1
0
0
1
0
1
1
0
0
1
0
0
0
0
1
0
1
0
1
1
1
0
1
0
1
1
1
1
1
1
0
1
1
1
1
1
1
0
1
1
0
1
3372099353
2928606327
1
0
0
1
1
0
0
0
1
1
1
0
0
1
0
0
0
1
1
1
1
1
1
1
0
0
0
1
0
0
1
1
1
0
0
0
0
1
0
1
0
1
0
1
0
0
1
0
0
1
1
1
1
0
1
0
1
1
0
1
1
0
0
1
1
1
1
0
1
1
1
0
0
0
1
1
1
1
1
1
0
1
1
1
0
0
0
1
0
1
1
1
0
1
0
1
1
1
1
0
1
1
1
0
1
0
1
0
1
0
1
0
0
1
1
0
0
0
1
0
0
1
0
0
0
1
1
0
2245643985
1
0
0
0
1
0
1
1
0
1
1
1
0
0
1
1
1
0
0
1
1
0
1
1
1
0
1
0
0
0
0
1
794084939
1
1
0
1
0
0
1
0
0
1
1
0
0
0
1
1
0
0
1
0
1
0
1
0
1
1
1
1
0
1
0
0
368845991
2667223663
19768188941
15970850640
2588319757
3085948752
0
0
1
1
1
0
1
0
0
0
1
1
0
1
0
0
0
0
0
1
1
1
0
1
1
0
0
0
1
0
1
1
0
0
1
1
0
1
0
1
0
1
0
0
0
1
0
1
0
1
1
1
0
0
1
1
1
0
1
0
1
0
0
1
0
0
1
0
0
0
2088586335
1596123900
1
1
1
1
1
0
1
0
0
0
1
1
0
0
1
0
1
0
1
1
1
1
1
0
0
0
1
1
1
1
1
0
0
1
1
0
1
1
0
0
0
1
0
1
1
1
1
0
1
0
1
1
1
1
1
1
0
1
1
0
0
1
1
0
0
0
1
1
1
1
1
1
0
1
0
1
0
1
1
1
0
1
0
0
0
1
0
0
1
1
1
1
1
0
1
0
1
1
1
0
0
1
0
1
0
1
0
0
0
0
1
0
1
0
0
1
0
0
1
1
0
0
0
1
0
1
0
1
161061332
0
0
1
0
1
0
1
1
1
0
0
1
1
0
0
1
1
0
0
1
1
0
0
1
1
0
0
1
0
0
0
0
776396811
1
1
0
1
0
0
0
0
0
0
0
0
0
1
1
1
0
1
1
0
0
0
1
0
0
1
1
1
0
1
0
0
164922947
2235617235
11597701297
8897641098
3007766705
307706506
0
1
0
0
1
0
1
0
1
0
1
1
0
1
1
0
0
1
1
1
0
1
0
1
1
1
0
0
1
1
0
0
1
1
1
0
1
1
0
0
0
0
1
1
0
0
1
1
0
1
0
0
1
1
1
1
1
1
0
1
1
1
0
1
1
1
1
0
1
1
1927210198
1385583364
0
1
1
0
1
0
1
1
0
0
1
0
0
1
1
1
0
1
1
1
1
0
1
1
0
1
0
0
1
1
1
0
1
1
0
1
1
0
0
0
0
1
0
0
0
1
0
0
0
0
1
1
1
0
1
0
1
0
0
1
0
1
1
0
0
0
1
0
0
0
0
0
1
1
0
0
1
0
1
0
0
1
1
0
1
0
0
1
0
1
0
0
1
0
1
0
1
0
1
1
0
0
0
0
0
1
1
0
1
0
0
0
1
1
0
1
0
0
0
0
1
0
0
1
1
1
1
0
332370768
0
0
0
0
1
0
1
0
1
1
0
0
1
0
0
1
1
1
1
1
0
0
1
1
1
1
0
0
1
0
0
0
3125207065
1
0
0
1
1
0
0
0
0
0
0
0
0
1
1
1
0
1
1
0
0
0
1
0
0
1
0
1
1
1
0
1
793171562
2610678484
12294470069
8035224368
3704535477
3740257072
0
1
0
1
0
0
0
1
1
0
0
0
1
0
0
0
0
0
1
1
1
1
0
0
1
1
0
1
0
0
1
0
0
0
0
0
0
1
1
0
0
0
0
0
1
0
0
0
0
1
1
0
0
1
1
1
1
1
1
1
1
0
0
0
1
0
1
0
1
1
2155585387
3531995834
1
1
0
1
0
1
1
0
1
1
1
1
1
0
0
1
1
1
0
1
1
1
1
0
0
0
0
0
0
0
0
1
0
0
0
1
1
0
0
0
0
0
0
1
0
0
1
0
1
0
1
1
1
0
0
1
0
1
0
1
1
1
0
1
0
1
0
1
1
1
0
1
0
1
0
1
1
1
1
1
1
0
1
0
0
0
0
1
0
1
0
0
1
0
1
1
1
0
1
0
1
0
1
1
0
1
0
0
0
1
1
0
0
0
0
0
0
1
1
0
1
0
1
0
0
1
0
1
860298816
0
0
0
0
0
0
1
0
0
1
1
1
1
0
0
0
1
1
1
0
0
0
1
0
1
1
0
0
1
1
0
0
2588319925
1
0
1
0
1
1
0
1
0
0
0
0
0
1
0
1
0
1
1
0
0
0
1
0
0
1
0
1
1
0
0
1
1846863899
26841426
10757140550
7860099137
2167205958
3565131841
0
1
0
1
0
0
1
1
0
1
1
1
0
1
0
1
1
1
0
0
1
1
0
0
1
0
0
1
0
0
0
1
1
1
1
0
1
1
1
0
0
0
0
1
0
1
0
1
1
1
0
0
1
0
0
1
1
1
1
0
1
0
1
0
1
0
1
0
1
0
2445160306
816271736
0
1
0
0
1
1
1
0
1
1
1
1
0
1
0
0
0
1
1
1
1
1
0
1
1
0
0
0
1
0
0
1
0
1
1
0
1
1
1
0
1
0
1
0
1
1
0
0
1
1
1
1
1
1
1
0
0
1
0
0
0
1
0
0
0
0
0
1
1
1
1
0
1
0
0
0
1
0
1
0
1
1
1
0
0
1
0
1
0
0
0
0
1
1
0
0
0
1
0
0
1
0
0
1
1
0
0
0
1
1
1
0
1
1
0
1
0
1
1
0
1
1
1
1
0
0
0
0
3597642378
0
1
0
1
0
0
0
1
0
1
0
1
0
1
0
1
1
1
1
1
0
1
1
0
0
1
1
0
1
0
1
1
2437869749
1
0
1
0
1
1
0
1
0
0
0
0
1
1
1
1
0
1
1
1
0
0
1
0
1
0
0
0
1
0
0
1
2588319757
3085948752
16611856059
14317145761
3726954171
1432243873
1
1
0
1
1
0
1
1
0
1
0
0
1
0
0
0
1
1
1
0
1
1
0
1
1
1
1
0
0
0
1
1
0
0
0
0
0
0
1
0
1
0
1
0
1
0
0
1
1
0
1
0
0
1
1
1
0
1
0
0
1
1
0
0
0
1
0
0
1
1
292367856
4267213401
0
0
0
0
1
1
1
1
1
0
1
1
0
1
0
0
1
0
1
1
0
1
1
0
1
0
0
0
1
0
0
0
0
0
0
1
0
0
0
1
0
1
0
0
0
0
1
1
1
1
1
0
1
0
1
0
0
1
0
0
0
0
0
1
1
0
0
1
1
0
1
0
0
1
0
0
0
0
0
1
0
0
0
1
1
0
1
0
0
1
1
1
1
1
1
1
1
1
0
0
1
1
1
1
0
1
0
0
1
0
1
1
1
1
1
1
1
1
1
0
1
0
0
0
1
0
1
0
3741288721
1
0
0
0
1
0
0
0
1
0
0
1
0
0
0
1
1
1
1
1
1
1
1
1
0
1
1
1
1
0
1
1
3693934775
1
1
1
0
1
1
0
1
0
0
0
1
1
1
1
1
0
0
1
1
0
1
0
0
0
0
1
1
1
0
1
1
3007766705
307706506
17232223307
16253687381
52354123
3368785493
0
0
1
1
1
0
1
1
0
0
0
0
0
1
1
1
1
0
1
0
0
0
1
1
0
0
0
0
1
1
0
0
1
1
1
1
0
1
1
0
1
0
0
0
0
0
1
0
0
0
1
1
1
0
0
1
1
0
1
1
1
0
0
0
1
1
1
1
0
1
1508803560
4166065615
0
0
0
1
0
1
1
1
1
1
0
0
0
0
0
1
0
1
1
1
0
1
1
1
1
0
0
1
1
0
1
0
0
0
1
0
0
1
1
1
1
1
1
1
0
1
0
1
1
1
1
1
1
0
0
1
0
1
0
0
0
1
0
0
1
1
1
1
0
0
1
1
1
0
1
1
1
0
0
0
1
0
0
0
1
0
1
0
0
0
0
1
1
1
1
1
1
1
0
1
0
1
0
0
1
1
1
0
1
1
0
0
0
1
0
1
1
0
0
1
1
0
1
1
1
0
0
1
1417547265
1
0
0
0
0
0
0
0
0
1
1
1
0
0
0
0
0
1
1
1
1
1
1
0
0
0
1
0
1
0
1
0
2200755275
1
1
0
1
0
0
1
0
0
0
1
1
1
0
1
1
0
0
1
1
0
1
0
0
1
1
0
0
0
0
0
1
3704535477
3740257072
16051804035
16046780677
3166902147
3161878789
1
1
0
1
1
0
0
1
0
1
0
0
1
0
0
0
1
1
1
1
0
0
0
0
0
0
0
0
1
0
1
1
0
0
0
1
1
0
0
1
0
1
1
1
1
1
0
0
0
0
0
1
0
0
1
1
0
0
1
1
1
1
0
1
1
0
0
1
1
1
1601383691
226416084
1
1
0
1
0
0
0
0
1
0
1
1
0
1
0
0
1
1
0
0
1
1
1
0
1
1
1
1
1
0
1
0
0
0
0
1
1
1
1
1
1
1
0
0
0
1
0
0
1
0
1
1
0
1
0
0
1
1
0
0
1
0
1
0
0
0
1
0
1
0
1
1
1
0
1
0
1
0
1
1
0
1
1
1
1
1
1
0
1
0
1
1
0
0
0
0
0
1
0
1
0
0
0
0
1
1
1
0
1
0
1
0
0
1
1
0
0
0
1
0
0
1
1
0
1
1
0
0
3377077925
1
0
1
0
0
1
0
1
0
1
1
1
1
0
0
0
0
1
0
1
0
0
1
0
1
0
0
1
0
0
1
1
2651250315
1
1
0
1
0
0
0
1
0
1
1
1
1
0
1
1
0
1
1
0
0
0
0
0
0
1
1
1
1
0
0
1
2167205958
3565131841
14550056010
12464627962
1665154122
3874693370
1
1
0
0
1
0
0
0
1
1
0
0
0
1
0
0
1
1
1
1
0
0
1
1
1
1
1
1
0
1
0
0
1
0
1
1
0
1
0
1
1
1
1
0
1
0
0
1
0
0
1
1
0
1
1
1
1
1
0
1
0
0
1
0
1
0
1
1
1
1
2054306974
2371317652
0
1
1
1
1
0
0
1
0
0
1
1
1
1
0
0
0
1
0
0
1
1
1
0
0
1
0
1
1
1
1
0
1
1
0
0
1
0
0
0
1
0
1
0
1
0
0
0
1
1
0
0
0
0
0
1
0
1
0
1
1
1
1
0
0
0
1
0
1
0
0
1
1
1
1
1
0
1
1
0
1
1
1
0
1
0
1
0
1
0
1
1
0
0
0
1
1
1
1
0
0
1
1
1
0
1
0
0
1
0
0
0
1
1
1
0
0
0
1
1
0
0
1
0
1
1
1
1
2893723141
1
0
1
0
0
0
0
0
0
1
1
0
1
1
0
1
0
1
0
1
1
1
1
0
0
0
1
1
0
1
0
1
591535179
1
1
0
1
0
0
1
0
0
0
1
1
1
0
0
0
0
1
0
0
0
0
1
0
1
1
0
0
0
1
0
0
3726954171
1432243873
11622366348
12703478366
3032431756
4113543774
0
1
0
0
1
0
0
0
0
1
0
0
1
0
1
1
1
0
0
0
1
0
1
0
0
1
1
1
1
0
1
0
1
0
0
1
0
1
1
0
0
0
0
0
0
0
1
1
1
1
0
0
0
1
0
0
1
1
1
0
0
0
0
1
1
1
1
1
0
1
901273608
2815636549
0
0
0
1
0
0
0
0
0
0
0
1
1
0
1
0
0
0
0
1
1
1
0
1
1
0
1
0
1
1
0
0
0
1
0
1
1
0
1
1
0
1
0
1
0
1
1
0
0
1
0
1
0
0
1
0
1
0
0
1
0
0
1
1
1
0
1
0
0
0
1
0
0
0
1
0
1
1
0
0
1
1
0
0
1
0
1
1
1
1
1
0
0
1
0
1
1
1
1
1
1
1
0
0
1
1
0
1
1
0
0
0
0
1
0
1
0
0
0
0
0
0
0
0
1
1
0
0
3966984539
1
1
0
1
1
0
1
0
1
0
0
0
0
1
1
0
1
1
0
0
1
1
1
0
0
0
1
1
0
1
1
1
3032693898
0
1
0
1
0
0
0
1
0
0
1
1
1
1
0
0
1
1
0
0
0
0
1
1
0
0
1
0
1
1
0
1
52354123
3368785493
15661090632
11779477249
2776188744
3189542657
1
1
0
0
1
0
0
1
1
1
0
0
0
1
0
0
0
1
0
1
1
1
0
0
1
0
1
1
0
0
1
0
1
0
1
1
0
0
0
0
1
1
1
1
0
0
1
1
0
1
0
1
1
0
0
0
0
1
1
1
1
0
0
1
1
0
1
0
1
0
4127611021
3901239666
1
0
1
1
0
0
0
1
0
0
0
1
1
0
1
0
0
1
1
0
0
0
0
0
0
1
1
0
1
1
1
1
0
0
0
1
1
0
0
0
0
1
0
1
1
1
1
0
1
1
0
1
1
0
0
0
1
1
0
0
1
0
0
0
0
1
0
0
1
1
1
0
1
0
0
0
1
1
0
0
0
0
0
1
0
0
0
1
0
0
0
1
0
1
1
1
1
0
1
1
0
1
0
1
1
0
0
0
1
1
0
1
1
1
1
1
0
0
1
1
0
1
1
0
0
1
1
1
4109345530
0
1
0
1
1
1
1
1
0
1
0
0
0
1
0
1
1
1
1
1
0
1
1
1
0
0
1
0
1
1
1
1
2776185928
0
0
0
1
0
0
1
0
0
0
1
1
1
1
0
0
1
0
0
1
1
1
1
0
1
0
1
0
0
1
0
1
3166902147
3161878789
22367496334
18630601532
892659854
1450732348
1
0
1
0
0
1
0
1
1
1
1
0
1
1
1
0
1
0
0
0
1
0
1
1
1
1
1
0
1
0
1
0
1
0
0
1
1
1
0
0
1
1
0
0
1
0
0
1
0
1
0
1
1
0
1
1
0
0
0
0
1
1
0
0
0
1
1
1
1
0
446606160
2867245194
0
0
0
0
1
0
1
0
1
1
0
1
0
1
0
1
0
1
1
1
1
0
0
1
0
1
0
1
1
0
0
0
0
0
1
0
0
0
0
1
1
1
0
0
1
0
0
1
0
0
1
1
1
1
0
0
1
0
0
1
0
0
1
1
0
1
0
1
0
0
0
1
0
0
0
0
1
1
0
1
0
1
1
0
0
1
1
1
0
1
0
1
0
1
0
1
1
0
0
0
0
1
0
1
0
1
1
1
0
1
0
0
1
1
0
0
1
0
1
1
0
1
1
0
1
0
0
1
3072301890
0
1
0
0
0
0
1
0
1
1
0
1
1
0
0
1
1
1
1
1
1
0
0
0
1
1
1
0
1
1
0
1
3040701580
0
0
1
1
0
0
0
1
0
0
1
1
0
1
1
0
1
0
1
1
1
1
0
0
1
0
1
0
1
1
0
1
1665154122
3874693370
16733128158
14910974540
3848226270
2026072652
1
1
0
1
1
0
0
1
0
1
0
1
1
0
0
0
1
0
1
0
1
1
0
1
1
1
0
0
0
1
1
1
0
1
1
1
0
1
0
0
0
0
1
0
0
0
1
1
0
1
0
0
1
0
1
0
0
1
1
0
0
0
0
0
0
0
0
1
1
1
3937894424
433665016
0
0
0
1
1
0
0
0
0
0
0
0
0
0
0
1
1
1
1
0
1
1
0
1
0
1
0
1
0
1
1
1
1
0
1
1
0
0
0
1
1
1
0
1
1
1
1
1
0
0
0
0
0
1
0
1
1
1
1
0
1
0
0
1
0
0
0
1
1
1
1
1
1
1
0
0
1
1
0
0
1
0
0
1
1
0
1
1
1
0
0
1
1
0
0
0
0
0
1
0
0
0
1
1
1
0
1
0
1
0
0
0
0
0
1
1
0
1
1
0
0
0
0
1
1
1
1
0
3596414733
1
0
1
1
0
0
0
0
1
1
1
1
0
1
1
1
0
0
1
1
1
0
1
0
0
1
1
0
1
0
1
1
2776450510
0
1
1
1
0
0
1
1
1
0
1
0
0
0
1
0
1
0
1
1
1
1
1
0
1
0
1
0
0
1
0
1
3032431756
4113543774
20326569066
16644655888
3146699882
3759754000
0
0
1
1
1
0
0
0
0
0
0
0
0
1
0
0
1
0
0
0
1
0
1
1
0
0
0
1
1
0
0
0
0
1
0
0
1
1
0
0
0
1
1
1
1
0
1
1
0
0
0
0
0
0
0
1
1
0
1
0
1
1
1
0
0
0
0
0
0
1
921158530
758771317
0
1
0
0
0
0
0
1
1
1
0
0
0
0
1
1
1
1
1
0
0
1
1
1
0
1
1
0
1
1
0
0
0
0
1
1
0
1
1
0
1
0
0
1
0
1
1
0
0
1
1
0
1
1
0
1
1
0
1
1
0
0
0
0
1
0
1
0
1
1
1
0
0
1
1
1
0
1
1
1
1
0
0
1
1
1
0
0
1
0
1
1
0
1
0
0
1
0
1
0
0
0
0
0
0
1
1
0
0
1
1
0
0
0
1
1
1
0
0
1
1
0
0
0
0
1
0
0
1986095660
0
0
1
1
0
1
0
0
0
1
0
1
0
1
1
0
1
0
0
0
0
1
1
0
0
1
1
0
1
1
1
0
3038692558
0
1
1
1
0
0
1
1
0
0
1
0
0
0
1
1
0
1
1
1
1
0
0
0
1
0
1
0
1
1
0
1
2776188744
3189542657
16246850688
15063188344
3361948800
2178286456
1
1
0
1
1
0
0
1
0
0
1
1
1
1
1
0
0
0
0
1
1
1
0
1
0
1
0
1
0
1
1
0
0
1
0
1
1
1
1
1
0
1
1
0
0
1
0
0
1
0
1
1
1
1
1
1
0
0
0
0
0
1
0
1
0
1
1
0
0
1
2601292059
1712774797
1
1
0
1
1
0
0
0
1
0
0
0
1
0
0
1
0
0
1
1
0
0
0
0
1
1
0
1
1
0
0
1
0
1
0
1
1
1
0
0
0
1
0
0
1
0
0
1
0
1
1
1
1
0
0
0
0
1
1
0
1
0
0
0
1
0
1
1
0
0
0
1
0
1
1
1
1
0
1
1
0
1
1
0
1
0
0
0
0
1
1
0
0
1
1
0
1
0
1
1
0
0
1
1
0
1
0
0
0
1
1
0
1
1
1
0
1
0
0
0
1
0
1
1
0
0
0
1
4161891092
0
0
1
0
1
0
0
0
1
1
0
1
0
1
1
0
1
0
0
0
1
0
0
0
0
0
0
1
1
1
1
1
3914286282
0
1
0
1
0
0
1
1
0
0
1
0
0
0
1
0
1
1
1
1
0
0
1
0
1
0
0
1
0
1
1
1
892659854
1450732348
16805192178
11182273691
3920290290
2592339099
1
1
0
0
1
0
0
0
0
0
0
1
1
0
1
1
0
0
0
1
0
1
0
1
1
1
0
1
0
0
0
1
0
1
0
0
1
1
1
1
1
1
0
0
1
1
1
0
1
0
0
1
1
1
0
0
0
1
0
1
1
0
1
1
1
0
0
1
0
1
511327885
3168997985
1
0
1
1
0
0
0
1
0
1
1
1
1
1
0
0
0
1
0
1
1
1
1
0
0
1
1
1
1
0
0
0
1
1
0
1
0
1
0
0
1
0
1
0
1
1
1
1
1
0
1
1
1
1
1
1
1
0
1
0
1
1
0
1
1
0
0
0
0
1
1
0
0
1
0
0
1
0
0
0
1
1
0
0
0
1
1
1
0
0
1
1
1
1
0
1
0
0
1
1
0
1
0
1
1
1
1
1
1
0
1
0
1
0
0
1
1
0
0
0
1
0
1
1
1
1
1
1
3768191768
0
0
0
1
1
0
0
0
1
1
0
1
0
0
0
0
0
1
0
1
1
0
0
1
0
0
0
0
0
1
1
1
3920282850
0
1
0
0
0
1
1
1
0
0
1
0
0
0
1
1
0
1
0
1
0
1
0
1
1
0
0
1
0
1
1
1
3848226270
2026072652
16276956000
15693571535
3392054112
2808669647
1
1
0
1
1
0
1
1
1
0
1
0
0
1
0
1
1
0
1
0
1
0
1
0
1
1
0
0
1
1
1
1
1
1
1
1
0
1
0
0
1
1
1
0
0
1
0
1
1
1
0
0
1
1
0
0
0
0
1
1
0
0
0
0
0
0
0
1
0
0
2466282117
857450840
1
0
1
0
0
0
0
1
0
1
0
1
1
1
1
0
0
0
0
0
0
0
0
0
1
1
0
0
1
0
0
1
1
0
1
1
0
1
0
1
1
0
0
1
1
1
1
1
1
0
1
1
0
0
0
1
1
0
0
1
0
1
0
0
0
0
0
1
1
0
1
0
1
0
0
1
0
1
0
1
1
1
0
1
1
0
0
0
1
1
0
0
1
1
0
0
1
1
0
1
0
0
0
1
0
1
1
1
0
0
1
0
1
0
0
1
0
1
1
0
1
1
1
0
0
0
0
1
2190927547
1
1
0
1
1
1
0
1
0
1
1
0
0
1
1
1
0
1
1
0
1
0
0
1
0
1
0
0
0
0
0
1
3358253536
0
0
0
0
0
1
1
1
1
0
0
0
0
1
1
1
0
1
0
1
0
1
0
0
0
0
0
1
0
0
1
1
3146699882
3759754000
16102807191
13424971420
3217905303
540069532
1
1
0
1
1
0
1
0
1
0
1
0
0
1
1
1
1
1
1
0
0
1
0
1
0
1
1
0
0
0
0
0
1
0
0
0
0
1
1
1
0
0
1
1
1
1
0
1
0
1
0
0
0
0
0
1
0
1
1
1
0
1
0
1
0
0
1
1
1
1
1846867248
3143863091
0
0
0
0
1
1
0
0
1
0
1
0
1
1
1
1
0
0
1
0
1
0
0
0
0
1
1
1
0
1
1
0
1
1
1
1
0
0
1
1
1
1
0
1
0
1
0
1
0
1
1
1
0
0
1
0
1
1
0
1
1
0
1
0
1
1
0
0
1
1
0
0
1
1
0
1
0
0
0
1
1
1
0
0
0
1
1
0
1
1
0
1
1
1
0
1
1
1
0
0
0
1
0
0
1
0
1
0
0
0
1
1
0
0
1
0
0
0
0
0
1
1
0
0
0
1
0
1
3131307151
1
1
1
1
0
0
0
1
0
0
1
0
1
1
1
1
1
1
0
0
0
1
0
1
0
1
0
1
1
1
0
1
3954107378
0
1
0
0
1
1
1
1
1
1
0
0
0
1
1
1
0
1
1
1
0
1
0
1
1
1
0
1
0
1
1
1
3361948800
2178286456
19396206485
16957180659
2216337301
4072278771
0
0
1
1
1
0
0
1
0
0
1
1
0
1
0
1
1
0
0
1
1
1
0
1
1
1
1
0
0
1
0
1
1
1
0
0
0
1
0
1
1
1
0
1
1
1
1
1
1
1
1
0
1
0
0
1
1
0
0
1
1
0
0
1
0
0
1
1
1
1
4157919521
3434202771
1
0
0
0
0
1
0
0
1
0
0
0
1
0
1
1
0
0
1
0
1
0
1
1
1
1
1
0
1
1
1
1
1
0
0
0
1
1
0
0
1
1
1
0
0
0
0
1
0
1
0
1
0
1
0
1
1
0
1
1
1
0
0
1
1
1
0
0
1
0
0
1
0
1
1
0
0
0
1
1
1
0
0
0
1
1
0
1
0
0
1
1
0
0
1
1
0
1
0
1
0
1
1
0
1
1
1
1
1
1
0
1
0
0
1
0
1
1
0
1
1
0
0
0
1
0
0
1
628158364
0
0
1
1
1
0
0
1
1
1
1
1
0
1
1
1
0
0
0
0
1
1
1
0
1
0
1
0
0
1
0
0
2383320981
1
0
1
0
1
0
0
1
1
1
1
0
1
0
0
1
0
1
1
1
0
0
0
0
0
1
1
1
0
0
0
1
3920290290
2592339099
19572647602
16951697390
2392778418
4066795502
0
0
1
1
1
0
4171812121
5360471578
4231809545
6165534874
5426688621
6673101695
1068804167
4350128872
4171812121
1065504282
4231809545
1870567578
1131721325
2378134399
1068804167
55161576
0
1
0
1
1
1
0
1